Adrenal cortex	B cell	Bile duct	Bone	Breast	Central nervous system	Cervix	Colorectal	Erythrocytes	Esophagus	Eye	Fibroblast	Gastric	Granulocytes	Kidney	Liver	Lung	Megakaryocytes	Monocytes	NK cell	Ovary	Pancreas	Peripheral nervous system	Prostate	Skin	Soft tissue	T cell	Thyroid	Upper aerodigestive	Urinary tract	Uterus
ENSG00000141096	126.55	0.0648717948717949	0.272439024390244	0.00358974358974359	0.0129508196721312	0.631428571428571	0.0105882352941176	0.00614285714285715	0.06	0.0059375	0.001	0.0125641025641026	0.0065	1.28964285714286	0.00342105263157895	0.00625	0.746135265700483	0.03	0.168793103448276	0.0425	2.9890625	0.0148076923076923	0.041875	0.0509090909090909	2.98488095238095	0.0473770491803279	0.0528571428571429	0.0129411764705882	0.0189090909090909	0.0122222222222222	0.017
ENSG00000188958	115.85	0.123846153846154	0.418536585365854	1.18358974358974	0.122459016393443	0.950357142857143	0.108823529411765	5.08885714285714	0.074	0.1546875	0.143	0.597179487179487	0.40925	0	0.251315789473684	0.162916666666667	0.353961352657005	0.216666666666667	0.0158620689655172	0.0225	0.74765625	0.162692307692308	0.0575	0.129090909090909	0.273928571428571	1.31065573770492	0.0019047619047619	0.122941176470588	0.163090909090909	0.178333333333333	0.14225
ENSG00000205835	10.72	0.00435897435897436	0.0114634146341463	0.275128205128205	0.00770491803278689	0.0313095238095238	0.00294117647058824	0.128	0.001	0.031875	0.015	0.444615384615385	0.02825	0	0.0728947368421053	0.13	0.0685507246376812	0.00666666666666667	0.00827586206896552	0	0.15828125	0.0192307692307692	0.0125	0.13	0.0238095238095238	0.039016393442623	0	0.0258823529411765	0.00854545454545455	0.0283333333333333	0.0375
ENSG00000270946	36.24	0.00461538461538461	0.00146341463414634	0.00358974358974359	1.42393442622951	0.00142857142857143	0.00176470588235294	0.00214285714285714	0	0.0028125	0.362	0.00615384615384616	0.19775	0	0.00473684210526316	0.357083333333333	0.515845410628019	0	0.000517241379310345	0	0.36515625	0.00269230769230769	0.2678125	0.00818181818181818	1.36214285714286	0.169672131147541	0	0.00588235294117648	0.00781818181818182	0.0147222222222222	0.38975
ENSG00000048462	0.03	62.0246153846154	0.0278048780487805	0.0435897435897436	0.0837704918032787	0.0930952380952381	0.021764705882353	0.0808571428571429	0.034	0.084375	0.007	0.0641025641025641	0.09075	0.0292857142857143	0.083421052631579	0.0570833333333333	0.0851690821256039	0.105	0.0562068965517241	0	0.081875	0.0771153846153846	0.0359375	0.0445454545454546	0.0558333333333333	0.029016393442623	0.102380952380952	0.107058823529412	0.0401818181818182	0.0658333333333334	0.03625
ENSG00000100721	0	57.6128205128205	0.0273170731707317	0.17974358974359	0.13	0.465119047619048	0.000588235294117647	0.232142857142857	2.423	0.4521875	0	0.317435897435897	0.16475	0.158214285714286	0.185263157894737	0.105833333333333	0.152898550724638	0.21	0.505344827586207	0.0175	0.08890625	0.149423076923077	0.14125	0.0527272727272727	0.22202380952381	0.115901639344262	0.0152380952380952	0.252352941176471	0.170363636363636	0.220555555555556	0.07675
ENSG00000105369	0.17	335.305641025641	0.628536585365854	5.45128205128205	0.254590163934426	0.286547619047619	2.67882352941177	0.858857142857143	18.132	0.8775	0.509	0.442051282051282	0.43225	0.224642857142857	0.35	0.57	1.84782608695652	0.341666666666667	0.573965517241379	0.23	0.44046875	1.05769230769231	0.4109375	0.259090909090909	1.24535714285714	0.248196721311475	0.509523809523809	0.402352941176471	0.414545454545455	0.286388888888889	0.3175
ENSG00000110777	0.23	84.4720512820513	0.303170731707317	0.134871794871795	0.389016393442623	0.426547619047619	0.113529411764706	0.759857142857143	0.708	0.404375	0.069	0.0956410256410257	1.16925	0.0417857142857143	0.223684210526316	0.835	1.93608695652174	0.125	0.0598275862068966	0.0025	0.249375	0.142692307692308	0.0378125	2.46181818181818	0.38452380952381	0.260327868852459	0.0842857142857143	0.19	1.09109090909091	0.740833333333333	0.149
ENSG00000132465	1.89	2256.17025641026	0.182439024390244	1.78512820512821	2.32704918032787	1.79107142857143	0.944117647058824	1.69757142857143	4.228	1.794375	1.552	3.62564102564103	1.262	1.22321428571429	1.89078947368421	1.0275	1.30309178743961	2.68333333333333	11.9087931034483	0.0125	1.4659375	1.5975	0.7853125	0.677272727272727	1.07380952380952	1.03344262295082	4.65142857142857	1.52294117647059	0.830727272727273	2.06333333333333	0.728
ENSG00000132704	0	17.0217948717949	0.00658536585365854	0.00794871794871795	0.019344262295082	0.0129761904761905	0.00117647058823529	0.0102857142857143	0.63	0.0053125	0.002	0.01	0.03775	0.119642857142857	0.0268421052631579	0.0108333333333333	0.0585507246376812	0.0633333333333333	0.0413793103448276	0.015	0.01140625	0.0453846153846154	0.0034375	0.00545454545454545	0.018452380952381	0.00508196721311476	0.0147619047619048	0.02	0.00981818181818182	0.0144444444444444	0.00425
ENSG00000143297	0	40.0912820512821	0.015609756097561	0.0174358974358974	0.00754098360655738	0.0217857142857143	0.00235294117647059	0.0177142857142857	0.412	0.01125	0.02	0.00897435897435897	0.016	0.0292857142857143	0.0126315789473684	0.015	0.309855072463768	0.015	0.0336206896551724	0.0075	0.0128125	0.00923076923076923	0.0125	0.00636363636363636	0.01	0.00918032786885247	0.0161904761904762	0.00823529411764706	0.0141818181818182	0.0163888888888889	0.00775
ENSG00000156738	0	150.099743589744	0.0209756097560976	0.0894871794871795	0.0868852459016394	0.111190476190476	0.00882352941176471	0.195857142857143	9.173	0.238125	0.054	0.19974358974359	0.11825	0.163571428571429	0.113684210526316	0.0816666666666667	0.0864251207729469	0.426666666666667	0.389310344827586	0.0625	0.04046875	0.115576923076923	0.0421875	0.0281818181818182	0.146666666666667	0.0567213114754098	0.318095238095238	0.137647058823529	0.104545454545455	0.136666666666667	0.049
ENSG00000163534	0	43.4523076923077	0.00609756097560976	0.0123076923076923	0.0178688524590164	0.0428571428571429	0	0.025	2.53	0.00843750000000001	0	0.0164102564102564	0.1015	2.77464285714286	0.0234210526315789	0.01875	0.0111594202898551	0.13	0.113103448275862	0.0575	0.0075	0.0651923076923077	0.005625	0.000909090909090909	0.0439285714285714	0.0178688524590164	0.0895238095238095	0.0364705882352941	0.0178181818181818	0.0119444444444444	0.00825000000000001
ENSG00000170476	0.31	637.3	0.141219512195122	0.147948717948718	6.37655737704918	0.27202380952381	0.122352941176471	0.415285714285714	4.132	0.3865625	0.058	0.208461538461538	0.265	0.282857142857143	0.280789473684211	0.226666666666667	0.453623188405797	0.23	1.62068965517241	0.15	0.6225	0.336923076923077	0.1621875	0.902727272727273	0.182142857142857	0.146065573770492	0.515238095238095	0.306470588235294	0.226363636363636	0.320555555555556	0.24425
ENSG00000187912	0	11.8712820512821	0.0107317073170732	0.017948717948718	0.00852459016393443	0.0140476190476191	0.00823529411764706	0.0111428571428571	0.61	0.0315625	0.004	0.0202564102564103	0.01075	0.0425	0.0131578947368421	0.00916666666666667	0.115314009661836	0.0166666666666667	0.35	0	0.01203125	0.0175	0.00625	0.124545454545455	0.0386904761904762	0.0137704918032787	0.0019047619047619	0.0211764705882353	0.0510909090909091	0.0372222222222222	0.01375
ENSG00000189233	0	11.9848717948718	0.0173170731707317	0.068974358974359	0.0224590163934426	0.0964285714285714	0.0123529411764706	0.0497142857142857	0.019	0.0278125	0.005	0.0158974358974359	0.03325	0.0128571428571429	0.0192105263157895	0.09625	0.367632850241546	0.136666666666667	0.0174137931034483	0.1125	0.0509375	0.0259615384615385	0.00375	0.0263636363636364	0.0208333333333333	0.0949180327868853	0.462380952380952	0.0211764705882353	0.016	0.0388888888888889	0.034
ENSG00000240505	0	16.9830769230769	0.0102439024390244	0.0233333333333333	0.0347540983606557	0.0494047619047619	0.00705882352941176	0.0612857142857143	0.188	0.0471875	0	0.0233333333333333	0.0245	0.00607142857142857	0.0318421052631579	0.025	0.0710628019323672	0	0.00827586206896552	0.0025	0.0440625	0.0417307692307692	0.0190625	0.0218181818181818	0.0258333333333333	0.0242622950819672	0.0180952380952381	0.0247058823529412	0.0234545454545455	0.0805555555555556	0.03525
ENSG00000254709	0.39	872.552051282051	0.025609756097561	0.0823076923076923	0.0949180327868853	0.121309523809524	0.0941176470588235	0.264571428571429	0.927	0.1309375	0.014	0.088974358974359	0.1545	0.208571428571429	0.113157894736842	0.0883333333333334	0.195652173913043	0	0.416379310344828	0.0025	0.11921875	0.128461538461538	0.064375	0.0481818181818182	0.0704761904761905	0.682459016393443	0.302380952380952	0.148235294117647	0.0870909090909091	0.144166666666667	0.066
ENSG00000256045	0	1.62384615384615	0	0.000512820512820513	0.000819672131147541	0.000476190476190476	0	0.000714285714285714	0.004	0.000625	0	0	0.00025	0	0.00105263157894737	0.000416666666666667	0.000338164251207729	0.035	0.00224137931034483	0	0.00046875	0.000769230769230769	0.0003125	0.00454545454545455	0.000119047619047619	0.000327868852459016	0	0	0.00363636363636364	0.0205555555555556	0.00075
ENSG00000132693	0	0.00461538461538462	18.3663414634146	0.0192307692307692	0.00508196721311475	0.0140476190476191	0.0629411764705882	0.00328571428571429	0.005	0.004375	0	0.000512820512820513	0.049	0.00142857142857143	0.00842105263157895	0.282083333333333	0.0229951690821256	0.00166666666666667	0.000689655172413793	0	0.02046875	0.216923076923077	0.014375	0	0.00345238095238096	0.0216393442622951	0	0.0158823529411765	0.0138181818181818	0.0602777777777778	0.00375
ENSG00000163206	0	0	3.78780487804878	0.00256410256410256	0.00245901639344263	0.0108333333333333	0	0.00257142857142857	0	0.0153125	0.072	0.0533333333333333	0.00475	0	0	0.0566666666666667	0.00961352657004831	0	0	0	0.0059375	0.00115384615384616	0.0009375	0.126363636363636	0.0102380952380952	0.00557377049180328	0	0.0617647058823529	0.0532727272727273	0.0213888888888889	0.01475
ENSG00000101327	0	0.00153846153846154	0.00121951219512195	1.28051282051282	0.00721311475409836	0.00345238095238095	0.00235294117647059	0.00228571428571429	0	0.004375	0.006	0.000512820512820513	0.00125	0	0.00289473684210526	0.00125	0.0371497584541063	0.00666666666666667	0.00327586206896552	0	0.0521875	0.000961538461538462	0.00750000000000001	0.01	0.0203571428571429	0.0131147540983607	0	0.00176470588235294	0.00527272727272728	0.00166666666666667	0.01875
ENSG00000131808	0	0	0.00024390243902439	13.6335897435897	0.00131147540983607	0.00130952380952381	0	0.000857142857142857	0.008	0.000625	0	0	0.00025	0	0.000526315789473684	0	0.000966183574879227	0.0333333333333333	0	0	0	0.00192307692307693	0.0009375	0.00181818181818182	0.000119047619047619	0.0129508196721311	0	0.00117647058823529	0.000727272727272727	0.000555555555555556	0
ENSG00000132958	0	0.356153846153846	0.0153658536585366	9.59666666666667	0.0139344262295082	0.0204761904761905	0.0282352941176471	0.0102857142857143	0.014	0.0134375	0.003	0.00897435897435898	0.0335	0.000714285714285714	0.0368421052631579	0.00666666666666667	0.0436714975845411	0.0166666666666667	0.00810344827586207	0	0.0103125	0.0159615384615385	0.245	0.00545454545454545	0.0298809523809524	0.0160655737704918	0.0114285714285714	0.0158823529411765	0.0190909090909091	0.0127777777777778	0.01625
ENSG00000154143	0.46	0.00179487179487179	0.0419512195121951	11.2882051282051	0.0455737704918033	0.0452380952380952	0.0317647058823529	0.0215714285714286	0.001	0.075	0.005	0.00256410256410256	0.04525	0.000357142857142857	0.00447368421052632	0.0979166666666667	0.0609178743961353	0.0133333333333333	0.00120689655172414	0	0.01796875	0.00576923076923077	0.0540625	0.158181818181818	0.0729761904761905	0.0322950819672131	0	0.0694117647058824	0.0103636363636364	0.0252777777777778	0.026
ENSG00000164265	0	0.018974358974359	0.413170731707317	21.8169230769231	0.278360655737705	0.0492857142857143	0.0205882352941176	0.0551428571428571	0	0.15375	0	0.208974358974359	0.0305	0.0507142857142857	0.123157894736842	0.06375	0.244347826086957	0	0.686551724137931	0	0.11859375	0.00326923076923077	0.24375	0.02	0.00488095238095238	0.0432786885245902	0.00142857142857143	0	0.0134545454545455	0.0230555555555556	0.12025
ENSG00000164600	0	0.00512820512820513	0	36.3010256410256	0.000327868852459016	0.00238095238095238	0	0.00271428571428571	0.001	0	0	0.00179487179487179	0.00325	0	0.00184210526315789	0.00125	0.789855072463768	0.00166666666666667	0	0	0.00078125	0.000769230769230769	0.123125	0.000909090909090909	0	0.00950819672131148	0	0	0.00272727272727273	0.00194444444444445	0.00025
ENSG00000167210	0	0.00743589743589744	0.00609756097560976	41.8417948717949	0.381967213114754	0.00857142857142858	0.0111764705882353	0.0107142857142857	0.011	0.0025	0.029	0.00179487179487179	0.01125	2.15321428571429	0.00973684210526316	0.00416666666666667	0.266570048309179	0.831666666666667	0.379655172413793	0.005	0.005625	0.00423076923076923	1.4259375	0	0.0338095238095238	0.0134426229508197	0.0123809523809524	0.0111764705882353	0.00563636363636364	0.00805555555555556	0.0095
ENSG00000168671	0.23	1.00153846153846	0.121951219512195	128.060256410256	1.1855737704918	0.426190476190476	0.0976470588235294	0.145	0.016	0.3246875	1.625	0.0143589743589744	0.6505	0.160714285714286	0.394473684210526	0.1375	0.282463768115942	0	0.0053448275862069	0.0075	0.8984375	0.0934615384615385	5.0175	0.16	0.263333333333333	0.465081967213115	0.00333333333333333	0.198235294117647	0.187636363636364	0.260833333333333	1.16925
ENSG00000170374	0.05	0.00871794871794872	0.0129268292682927	11.7469230769231	0.0198360655737705	0.0521428571428572	0.00941176470588235	0.0178571428571429	0.012	0.034375	0.012	0.0138461538461538	0.01925	0.000357142857142857	0.0173684210526316	0.00916666666666667	0.0856521739130435	0.0466666666666667	0.00431034482758621	0	0.0321875	0.0134615384615385	0.3234375	0.01	0.0151190476190476	0.0372131147540984	0.00619047619047619	0.0141176470588235	0.0165454545454546	0.0172222222222222	0.64525
ENSG00000171954	0.94	0.00256410256410256	0.0119512195121951	35.1197435897436	0.668852459016393	0.0296428571428571	0.0358823529411765	0.048	0.009	0.4471875	0	0.00102564102564103	0.12075	0.00142857142857143	0.0278947368421053	0.175833333333333	0.0891787439613527	0.00666666666666667	0.158620689655172	0.035	0.07828125	0.0646153846153846	1.4496875	0.416363636363636	0.0122619047619048	0.301803278688525	0.0695238095238095	0.000588235294117647	0.151272727272727	0.141666666666667	0.06275
ENSG00000176302	0	0.00871794871794872	0.0168292682926829	9.52871794871795	0.0277049180327869	0.0130952380952381	0.00352941176470588	0.0121428571428571	0.001	0.0115625	0.001	0.00897435897435897	0.29025	0	0.0068421052631579	0.0025	0.474251207729469	0.00666666666666667	0.000344827586206897	0	0.02703125	0.0136538461538462	0.00968750000000001	0.0254545454545455	0.00630952380952381	0.00934426229508197	0.00428571428571429	0.00235294117647059	0.0225454545454546	0.204166666666667	0.02725
ENSG00000178586	0	0.00282051282051282	0	1.99897435897436	0.00540983606557377	0.00392857142857143	0.00235294117647059	0.00314285714285714	0.002	0.0015625	0.003	0.00205128205128205	0.00075	0	0.00368421052631579	0.00291666666666667	0.00463768115942029	0	0	0	0.00203125	0.0025	0.005	0.00272727272727273	0.00357142857142857	0.000983606557377049	0	0.00176470588235294	0.00345454545454545	0.000833333333333333	0.0055
ENSG00000188778	0.03	0	0.000975609756097561	12.1002564102564	0.00475409836065574	0.00773809523809524	0.00411764705882353	0.0124285714285714	0.02	0.0025	0	0.00692307692307692	0.014	0	0.00210526315789474	0.00208333333333333	0.00396135265700483	0.00333333333333333	0.00206896551724138	0	0.004375	0.00307692307692308	0.294375	0.00181818181818182	0.0171428571428571	0.0157377049180328	0	0.000588235294117647	0.00490909090909091	0.00138888888888889	0.006
ENSG00000188992	0.04	0.00179487179487179	0.00390243902439024	28.8807692307692	0.0170491803278689	0.0373809523809524	0.0170588235294118	0.0242857142857143	0.002	0.101875	0.012	0.00743589743589744	0.03075	0	0.0160526315789474	0.0195833333333333	0.0299516908212561	0.0216666666666667	0	0	0.01765625	0.0105769230769231	0.9515625	0.0154545454545455	0.0141666666666667	0.0713114754098361	0	0.0111764705882353	0.0116363636363636	0.0702777777777778	0.02
ENSG00000198765	0	0	0.00853658536585366	43.3169230769231	0.0319672131147541	0.0167857142857143	0.000588235294117647	0.0101428571428571	1.122	0.1065625	0.181	0.000512820512820513	0.01025	0.000357142857142857	0.00289473684210526	0.00875	0.0136231884057971	0.0833333333333333	0.00258620689655172	0	0.16140625	0.00519230769230769	0.2803125	0	0.0239285714285714	0.00688524590163934	0	0.00411764705882353	0.0230909090909091	0.00194444444444444	0.0525
ENSG00000206013	0.0600000000000001	0.0282051282051282	0.0324390243902439	38.2912820512821	0.0442622950819672	0.0592857142857143	0.0223529411764706	0.175285714285714	0	0.073125	0.015	0.0102564102564103	0.11325	0.00928571428571429	0.0468421052631579	0.0416666666666667	0.0643961352657005	0	0.000689655172413793	0	0.06125	0.0526923076923077	0.0159375	0.0218181818181818	0.0208333333333333	0.0470491803278689	0.00142857142857143	0.0135294117647059	0.0347272727272727	0.0341666666666667	0.075
ENSG00000221977	0	0	0	2.21589743589744	0.00147540983606557	0.000357142857142857	0	0.000714285714285714	0.002	0.01	0	0	0.001	0.000357142857142857	0	0.000833333333333333	0.00256038647342995	0.0133333333333333	0	0	0.00078125	0.000769230769230769	0.014375	0	0.000952380952380952	0.000163934426229508	0.00857142857142857	0	0.00672727272727273	0.000555555555555556	0
ENSG00000104371	0	0.00717948717948718	0.182926829268293	0.0112820512820513	211.556885245902	0.03	0.103529411764706	3.88914285714286	0.013	0.131875	0.004	0.0205128205128205	3.694	0.00321428571428571	0.00763157894736842	0.1	3.99801932367149	0.05	0.0182758620689655	0.025	0.114375	0.572307692307692	0.009375	0.205454545454545	0.0177380952380952	0.0383606557377049	0.0119047619047619	0.12	0.0454545454545455	0.0319444444444444	0.02675
ENSG00000110484	0	0.00487179487179487	0.0214634146341463	0.218974358974359	1335.5031147541	0.560119047619048	0.00294117647058824	0.407285714285714	0.051	2.944375	0	0.154102564102564	1.88625	0	0.247894736842105	0.489166666666667	12.6464734299517	0.461666666666667	0	0	0.43796875	0.420192307692308	0.1009375	0.444545454545455	0.155238095238095	0.112786885245902	0	0.43	0.235636363636364	0.627777777777778	0.37675
ENSG00000159763	0	0.0492307692307692	0.747317073170732	0.00564102564102564	102.106229508197	0.0172619047619048	0.223529411764706	0.067	0	0.0221875	0.00900000000000001	0.0441025641025641	0.10075	0	0.00947368421052632	0.0308333333333333	0.484057971014493	0	0.0282758620689655	0	0.30328125	0.108076923076923	0.0078125	1.02181818181818	0.0127380952380952	0.628360655737705	0	0.02	0.209090909090909	0.0572222222222222	0.19925
ENSG00000161634	0	0.00948717948717949	0	0.0202564102564103	1.92393442622951	0.000952380952380952	0	0.001	0	0	0	0.0076923076923077	0.00225	0	0	0.00208333333333333	0.0908695652173913	0	0	0	0.01	0.0246153846153846	0	0	0.00476190476190476	0	0	0	0.00181818181818182	0.00194444444444445	0.00225
ENSG00000173335	0.01	0.000512820512820513	0	0.00256410256410257	1.05786885245902	0.00166666666666667	0	0.00957142857142857	0.002	0.005	0	0	0.04025	0.000357142857142857	0.000789473684210526	0.00333333333333334	0.00386473429951691	0.00166666666666667	0.00155172413793103	0	0.0003125	0.00230769230769231	0.0015625	0.00272727272727273	0.000119047619047619	0	0	0.0123529411764706	0.00581818181818182	0.00361111111111111	0.00025
ENSG00000182170	0	0	0.00195121951219512	0.00333333333333334	1.13491803278689	0.00333333333333333	0.00941176470588235	0.0175714285714286	0	0.0015625	0	0	0.004	0	0.0242105263157895	0.0025	0.0143478260869565	0	0.000517241379310345	0	0.009375	0.00576923076923077	0.0009375	0.00272727272727273	0.000714285714285714	0.00163934426229508	0	0	0.00654545454545455	0.0025	0.01275
ENSG00000131095	0.1	0.0905128205128205	1.09634146341463	0.296410256410256	0.435901639344262	221.864166666667	0.128823529411765	0.283714285714286	0.017	0.3503125	0.219	0.395128205128205	0.56925	0.00535714285714286	1.58921052631579	0.49625	0.928212560386473	0.658333333333333	0.204655172413793	0	0.42390625	0.727884615384615	0.9809375	1.03	0.45202380952381	2.00475409836066	0.0185714285714286	0.644705882352941	0.254545454545455	0.600555555555556	0.54375
ENSG00000248109	0.15	0	0.0109756097560976	0.00974358974358974	0.0977049180327869	0.201071428571429	35.3405882352941	0.439	0	0.111875	0.002	0.00897435897435898	0.229	0	0.00736842105263158	0.0158333333333333	0.953671497584541	0	0	0	0.130625	0.100576923076923	0.0465625	0.00545454545454545	0.0495238095238095	0.622622950819672	0	0.00705882352941176	1.31418181818182	0.595555555555556	0.41425
ENSG00000091138	0	0.000256410256410256	0.0529268292682927	0.00487179487179487	0.039672131147541	0.00952380952380953	0.00705882352941177	14.7334285714286	0.017	0.0225	0.013	0.00282051282051282	0.17275	0.000714285714285714	0.0115789473684211	0.182083333333333	0.0124154589371981	0.015	0.00103448275862069	0	0.2815625	0.0513461538461538	0.00718750000000001	0.458181818181818	0.0141666666666667	0.0236065573770492	0	0.00176470588235294	0.00836363636363637	0.605277777777778	0.008
ENSG00000102891	0	0	0.00341463414634146	0	0.00901639344262295	0.0146428571428571	0	9.00914285714286	0	0	0	0	0.19575	0	0	0	0.0827536231884058	0	0	0	0.19796875	0.00346153846153846	0	0	0.00273809523809524	0	0	0	0.0623636363636364	0.0108333333333333	0.013
ENSG00000172023	0	0.00102564102564103	0.0260975609756098	0.172564102564103	0.115409836065574	0.000595238095238095	0	18.4082857142857	0.002	0.0403125	0	0	0.06875	0.000357142857142857	0.00815789473684211	0.00333333333333334	0.00265700483091788	0.00333333333333333	0	0	0.00453125	0.00173076923076923	0.0103125	0	0.00380952380952381	0.00573770491803279	0	0	0.00454545454545455	0	0.00125
ENSG00000196553	0	0.00512820512820513	0.0224390243902439	0.00512820512820513	0.059672131147541	0.00238095238095238	0.00235294117647059	6.22971428571429	0	0.001875	0.002	0.000769230769230769	0.10625	0	0.0131578947368421	0.000416666666666667	0.00917874396135266	0	0	0	0.0128125	0.00942307692307692	0.0540625	0.0172727272727273	0.0185714285714286	0.0173770491803279	0	0.00882352941176471	0.00581818181818182	0.00138888888888889	0.0115
ENSG00000101200	0	0.0058974358974359	0.00341463414634146	0.00205128205128205	0.00163934426229508	0.00452380952380953	0	0.00457142857142857	2.539	0.0040625	0	0	0.00425	0.00214285714285714	0.00131578947368421	0.0404166666666667	0.0985024154589372	0	0.01	0	0.0028125	0.00538461538461539	0	0	0.000952380952380952	0.00491803278688525	0.000476190476190476	0	0.00254545454545455	0.00138888888888889	0.00325
ENSG00000158578	0	0.266923076923077	0.104146341463415	0.123333333333333	0.0355737704918033	0.0397619047619048	0.00176470588235294	0.0365714285714286	828.564	0.028125	0.003	0.0107692307692308	0.024	48.1192857142857	0.0518421052631579	0.0416666666666667	0.0420289855072464	2.92833333333333	21.5353448275862	0.0125	0.0440625	0.0209615384615385	0.0221875	0.0118181818181818	0.0252380952380952	0.030655737704918	0.0133333333333333	0.0247058823529412	0.0234545454545455	0.0216666666666667	0.05075
ENSG00000169877	0	0.626923076923077	0.01	0.143333333333333	0.0745901639344262	0.0264285714285714	0.0123529411764706	0.00828571428571429	1422.478	0.0646875	0	0.00358974358974359	0.02825	99.8971428571429	0.0226315789473684	2.41791666666667	0.0203381642512077	4.19	5.35551724137931	0.005	0.0303125	0.0242307692307692	0.0215625	0.165454545454545	0.00440476190476191	0.0240983606557377	0.0176190476190476	0	0.00381818181818182	0.00611111111111111	0.01375
ENSG00000170180	0	0.0915384615384615	0.0424390243902439	0.0143589743589744	0.0270491803278689	0.010952380952381	0	0.011	417.372	0.011875	0	0.0230769230769231	0.0175	14.6003571428571	0.0278947368421053	0.0316666666666667	0.0299033816425121	2.32833333333333	0.223620689655172	0.0025	0.02015625	0.0121153846153846	0.0528125	0.00818181818181818	0.0123809523809524	0.172459016393443	0.00761904761904762	0.03	0.00763636363636364	0.0155555555555556	0.04425
ENSG00000186652	0	0.228974358974359	0.165365853658537	0.110769230769231	0.188524590163934	0.103452380952381	0.0747058823529412	0.108	322.593	0.0328125	0.004	0.327948717948718	0.147	39.1732142857143	0.186578947368421	0.150416666666667	0.132946859903382	1.95333333333333	0.894137931034483	0.0125	0.16421875	0.207307692307692	9.165625	0.39	0.134761904761905	0.0929508196721312	0.107619047619048	1.74529411764706	0.08	0.0491666666666667	0.04875
ENSG00000196565	0.21	0.840512820512821	0.375121951219512	0.763846153846154	0.891803278688525	2.6972619047619	0.110588235294118	0.561571428571429	80689.941	0.685625	0.05	0.138717948717949	0.63075	10702.7817857143	0.639736842105263	0.5725	0.711545893719807	1532.91	17.2977586206897	1.0825	0.68765625	0.301538461538462	0.59375	0.67	0.703452380952381	0.302950819672131	2.07714285714286	1.15470588235294	0.389454545454545	0.643333333333333	0.61775
ENSG00000213934	0	0.0330769230769231	0.100243902439024	0.0387179487179487	0.0224590163934426	0.556190476190476	0.00235294117647059	0.0182857142857143	10498.573	0.0275	0	0.00538461538461539	0.058	421.202857142857	0.0402631578947369	0.0125	0.0695652173913043	341.34	0.247068965517241	0.0925	0.0540625	0.0076923076923077	0.005	0.02	0.0258333333333333	0.0227868852459016	0.0438095238095238	0.0976470588235294	0.00818181818181818	0.0180555555555556	0.01
ENSG00000250361	0	0.132564102564103	0.00121951219512195	0.0364102564102564	0.0155737704918033	0.0055952380952381	0	0.00728571428571429	228.137	0.0034375	0	0.0230769230769231	0.0075	17.9360714285714	0.0284210526315789	0	0.0207246376811594	2.965	0.556034482758621	0	0.00765625	0.0121153846153846	0.0496875	0	0.0155952380952381	0.0140983606557377	0.0166666666666667	0.00529411764705883	0.00763636363636364	0.005	0.0035
ENSG00000102076	0	0	0	0.000256410256410256	0.00229508196721312	0.000714285714285714	0	0.00214285714285714	0	0.0021875	2.218	0.0107692307692308	0.00075	0	0	0.000416666666666667	0.00439613526570048	0.1	0.00172413793103448	0	0.00453125	0.00615384615384615	0.0009375	0.00545454545454546	0	0	0.000952380952380952	0.00352941176470588	0.00363636363636364	0	0.00275
ENSG00000105392	0	0.00769230769230769	0.00365853658536586	0.00102564102564103	0.00245901639344262	1.30559523809524	0.00235294117647059	0.00357142857142857	0.077	0.0015625	39.102	0.00205128205128205	0.00325	0.00178571428571429	0.0192105263157895	0.000833333333333333	0.258067632850242	0.441666666666667	0.00155172413793103	0	0.00359375	0.00269230769230769	0.00125	0.00454545454545455	0.000833333333333333	0.0145901639344262	0	0.0158823529411765	0.004	0.0025	1.81225
ENSG00000107165	0	3.20282051282051	0.179024390243902	1.85333333333333	1.21934426229508	11.6310714285714	0.0464705882352941	0.217714285714286	0.007	0.6465625	2556.352	0.35025641025641	0.60475	0	0.140526315789474	2.72916666666667	8.9016425120773	0.0766666666666667	0.000862068965517241	0	0.55140625	0.325192307692308	5.0521875	0.759090909090909	316.52	18.3413114754098	0.00285714285714286	0.449411764705882	1.15145454545455	0.586666666666667	0.34225
ENSG00000109047	0	0.0143589743589744	0.0334146341463415	0.0666666666666667	0.0167213114754098	0.284285714285714	0.0158823529411765	0.025	0.024	0.0078125	27.876	0.0630769230769231	0.0175	0.155714285714286	0.00842105263157895	0.0541666666666667	0.0226570048309179	0	0.26051724137931	0.13	0.0209375	0.00826923076923078	0.005	0	0.47547619047619	0.440327868852459	0.00761904761904762	0.0105882352941176	0.00490909090909091	0.00361111111111111	0.72975
ENSG00000126550	0	0.00102564102564103	0.00317073170731708	0.00256410256410257	0.00704918032786885	0.0961904761904762	0.343529411764706	0.0387142857142857	0.004	0.0015625	47.121	0	0.069	0	0.00421052631578948	0.00916666666666667	0.0100966183574879	0.00166666666666667	0.00120689655172414	0	0.9228125	0	0.07625	0.00818181818181819	4.16928571428571	0.134918032786885	0	0.230588235294118	0.00145454545454545	0.0194444444444444	0.119
ENSG00000129221	0.02	0.00666666666666667	0.0346341463414634	0.00435897435897436	0.0098360655737705	4.03119047619048	0.02	0.0141428571428571	0.019	0.00875	80.154	0.00641025641025641	0.0205	0.00107142857142857	0.0163157894736842	0.0179166666666667	1.04884057971014	0.135	0.00517241379310345	0	0.01125	0.0123076923076923	0.009375	0.00818181818181819	0.00523809523809524	0.049016393442623	0	0.0458823529411765	0.0149090909090909	0.0236111111111111	3.4795
ENSG00000164035	0.03	0.022051282051282	0.00902439024390244	0.62025641025641	0.0370491803278689	0.0510714285714286	0.00352941176470589	0.00328571428571429	0.344	0.016875	23.707	0.47948717948718	0.0055	0.00464285714285714	0.00157894736842105	0.05	0.022512077294686	0.545	0.0217241379310345	0	0.0509375	0.0903846153846154	0.24375	0.04	0.513690476190476	0.449016393442623	0.0447619047619048	0.0723529411764706	0.00981818181818182	0.00527777777777778	0.011
ENSG00000165192	0	0.00717948717948718	0.0219512195121951	0.363076923076923	0.00311475409836066	0.00892857142857143	0	0.0105714285714286	0.028	0.004375	18.738	0.00102564102564103	0.0265	0.00285714285714286	0.00157894736842105	0.0170833333333333	0.0113526570048309	0.118333333333333	0.00758620689655172	0	0.00390625	0.00653846153846154	0.0078125	0.0745454545454545	0.595714285714286	0.0324590163934426	0.00476190476190476	0.0158823529411765	0.00309090909090909	0.00361111111111112	0.00375
ENSG00000166569	0	0.0266666666666667	0.0104878048780488	0.027948717948718	0.00737704918032787	0.01	0.00235294117647059	0.00528571428571429	0.007	0.00375	5.555	0.00974358974358974	0.01525	0	0.0136842105263158	0.00625	0.0109178743961353	0.0233333333333333	0.00172413793103448	0	0.01046875	0.0105769230769231	0.0034375	0.0090909090909091	0.00511904761904762	0.00918032786885246	0.00142857142857143	0.00882352941176471	0.00454545454545455	0.005	0.1145
ENSG00000173976	0.01	0.00333333333333333	0.00048780487804878	0.00256410256410256	0.00377049180327869	0.117857142857143	0.00470588235294118	0.00714285714285714	0	0.0053125	14.866	0.00128205128205128	0.007	0	0.00210526315789474	0.00333333333333333	0.0127053140096618	0	0.000689655172413793	0.0075	0.01046875	0.0025	0.00375	0	0.00130952380952381	0.00180327868852459	0.00142857142857143	0.0111764705882353	0.00363636363636364	0.00305555555555556	1.32025
ENSG00000182676	0.04	0.0251282051282051	0.0882926829268293	0.0887179487179487	0.280327868852459	0.121904761904762	0.155882352941176	0.200285714285714	0.015	0.2628125	36.664	0.0592307692307692	0.17125	0.0871428571428571	0.176578947368421	0.219166666666667	0.126038647342995	0.015	0.0482758620689655	0.005	0.14515625	0.100192307692308	0.119375	0.113636363636364	0.0808333333333334	0.382950819672131	0.0019047619047619	0.106470588235294	0.147454545454545	0.150833333333333	0.1975
ENSG00000096088	0	0.00769230769230769	0.448048780487805	0.0541025641025641	0.258032786885246	0.0495238095238095	0.0305882352941176	0.908714285714286	0.023	0.268125	0.004	0.0187179487179487	341.338	0.00357142857142857	0.176315789473684	16.7029166666667	0.0792270531400966	0	0.005	0	0.3359375	0.279423076923077	0.1003125	12.6554545454545	0.054047619047619	0.0459016393442623	0.00571428571428571	0.00411764705882353	0.0887272727272727	0.0672222222222222	1.511
ENSG00000143006	0	0	0.00170731707317073	0.00256410256410256	0.0104918032786885	0.00202380952380952	0.00294117647058824	0.00685714285714286	0.001	0.0059375	0.006	0.000769230769230769	4.95475	0	0.000526315789473684	0.0025	0.0488888888888889	0	0	0	0.00546875	0.000769230769230769	0.0025	0.0118181818181818	0.000833333333333333	0.00426229508196721	0	0.00235294117647059	0.00290909090909091	0.00166666666666667	0.007
ENSG00000163217	0	0.00256410256410256	0.00146341463414634	0.00230769230769231	0.00409836065573771	0.00845238095238095	0	0.00257142857142857	0	0.005	0.001	0.00205128205128205	6.779	0.00607142857142857	0.0481578947368421	0.00625	0.00797101449275362	0.0116666666666667	0.0475862068965517	0	0.00375	0.00576923076923077	0.005625	0.00181818181818182	0.00369047619047619	0.689836065573771	0.0019047619047619	0.00529411764705883	0.00272727272727273	0.00388888888888889	0.00375
ENSG00000164816	0.16	0.0017948717948718	0.000975609756097561	0.0294871794871795	0.0426229508196721	0.025	0	9.36857142857143	0.004	0.03625	0	0.00717948717948718	257.89625	0.00321428571428571	0.0218421052631579	0.05625	0.728937198067633	0.0383333333333333	0.326379310344828	0	0.186875	0.0307692307692308	0.0096875	0.0163636363636364	0.0392857142857143	0.111311475409836	0	0.041764705882353	0.0418181818181818	0.0316666666666667	0.013
ENSG00000008438	0	0.0976923076923077	0.0239024390243902	0.0461538461538462	0.0785245901639344	0.0697619047619048	0.0117647058823529	0.129285714285714	0.051	0.1203125	0.013	0.0476923076923077	0.12325	236.948928571429	0.0528947368421053	0.0883333333333333	0.118454106280193	0	8.1948275862069	0	0.0653125	0.0642307692307692	0.0784375	0.0627272727272727	0.0485714285714286	0.0768852459016394	1.1847619047619	0.071764705882353	0.0334545454545455	0.0588888888888889	0.13625
ENSG00000008516	1.47	0.0769230769230769	0.289756097560976	0.327435897435897	1.68114754098361	0.730476190476191	0.235882352941176	0.486	0.235	1.0275	0.132	0.245128205128205	0.73075	121.94	0.583421052631579	0.420833333333333	0.663574879227053	0.095	2.52327586206897	0.0625	0.6115625	0.426346153846154	0.1478125	0.67	0.622619047619048	0.671147540983607	0.0890476190476191	0.36	0.482363636363636	0.798055555555556	0.792
ENSG00000012223	0	0.403846153846154	0.193658536585366	0.388205128205128	0.452131147540984	0.365	0.02	0.259	9.73	0.060625	0.006	0.33025641025641	0.07975	1442.16464285714	0.0844736842105263	0.328333333333333	0.486666666666667	1.54	103.856896551724	0.0025	0.27234375	0.0957692307692308	0.0590625	0.276363636363636	0.277738095238095	0.671639344262295	6.90238095238095	0.501764705882353	0.184363636363636	0.239722222222222	0.36225
ENSG00000092067	0	0.0502564102564103	0.0536585365853659	0.0117948717948718	0.00491803278688525	0.0175	0.08	0.00885714285714286	0.027	0.0396875	0.008	0.0166666666666667	0.0125	17.3657142857143	0.00236842105263158	0.01125	0.0251690821256039	0.00333333333333333	0.86948275862069	0	0.02109375	0.0176923076923077	0.003125	0.01	0.0110714285714286	0.00934426229508197	0.177142857142857	0.0141176470588235	0.219090909090909	0.0102777777777778	0.02125
ENSG00000100448	0.34	0.42025641025641	0.209756097560976	0.152051282051282	0.107540983606557	0.151309523809524	0.00117647058823529	0.145428571428571	1.402	0.0990625	0.002	0.0076923076923077	0.11025	163.870714285714	0.0718421052631579	0.12875	0.0743961352657005	0.106666666666667	6.57293103448276	0.01	0.1759375	0.140384615384615	0.025625	0.0509090909090909	1.01535714285714	0.0908196721311476	2.0652380952381	0.051764705882353	0.0358181818181818	0.0863888888888889	0.0565
ENSG00000104918	0.17	0.0697435897435897	0.00707317073170732	0.00820512820512821	0.0470491803278689	0.0138095238095238	0	0.0217142857142857	0.566	0.00125	0	0.00692307692307693	0.012	68.9164285714286	0.00763157894736843	0.01375	0.0124154589371981	0.09	8.81603448275862	0	0.02015625	0.0155769230769231	0.011875	0.0127272727272727	0.00761904761904762	0.0237704918032787	2.07714285714286	0.00529411764705883	0.00709090909090909	0.0136111111111111	0.0265
ENSG00000105366	0	0.00282051282051282	0.00195121951219512	0.000256410256410256	0.000491803278688525	0.000595238095238095	0	0.00142857142857143	0.019	0.000625	0	0	5e-04	4.73464285714286	0.00184210526315789	0.00166666666666667	0.00154589371980676	0.0266666666666667	0.205	0	0.000625	0.000576923076923077	0.0003125	0	0.00226190476190476	0.00770491803278689	0.000476190476190476	0	0.00509090909090909	0.00138888888888889	0
ENSG00000118520	0	0.0738461538461539	0.0334146341463415	0.112051282051282	0.0755737704918033	0.0530952380952381	0.02	0.0677142857142857	5.349	0.083125	0.028	0.0546153846153846	0.0945	77.6753571428571	0.0589473684210526	1.70916666666667	0.0841062801932367	0.19	3.58241379310345	0	0.05921875	0.0534615384615385	0.064375	0.142727272727273	0.0502380952380952	0.141803278688525	0.659047619047619	0.0823529411764706	0.0629090909090909	0.055	0.07825
ENSG00000124469	0	0.0433333333333333	0.000731707317073171	0.00333333333333334	0.00262295081967213	0.000833333333333333	0.00235294117647059	0.081	0.36	0.0103125	0.011	0.000256410256410256	0.03075	109.864285714286	0.0502631578947368	0.000416666666666667	0.00584541062801933	0.37	16.421724137931	0	0.00296875	0.00865384615384616	0.0003125	0.000909090909090909	0.00345238095238095	0.00508196721311476	1.39238095238095	0.00588235294117648	0.00472727272727273	0.00666666666666667	0.004
ENSG00000140932	0.0600000000000001	0.485128205128205	0.136341463414634	0.14974358974359	0.251147540983607	0.140238095238095	0.161764705882353	0.216428571428571	0.048	0.184375	0.03	0.0884615384615385	0.2105	46.7410714285714	0.222631578947368	0.111666666666667	0.233816425120773	0.606666666666667	1.27362068965517	0.0625	0.15609375	0.249615384615385	0.0659375	0.243636363636364	0.0827380952380952	0.120819672131148	0.0228571428571429	0.170588235294118	0.121272727272727	0.159722222222222	0.32975
ENSG00000162747	0	0.0343589743589744	0.18609756097561	0.00282051282051282	0.0172131147540984	0.00464285714285715	0.00411764705882353	0.0145714285714286	0.122	0.0146875	0.005	0.00205128205128205	0.02725	303.419285714286	0.00157894736842105	0.00375	0.0571497584541063	0.0166666666666667	3.44862068965517	2.105	0.004375	0.005	0.00875	0.0109090909090909	0.0276190476190476	0.0168852459016393	0.0819047619047619	0.00294117647058824	0.00690909090909091	0.150833333333333	0.00775
ENSG00000163221	0	0.321025641025641	0.225365853658537	0.145897435897436	0.363934426229508	0.247261904761905	5.25352941176471	0.0515714285714286	2.441	0.1590625	0.014	0	0.1075	1310.29857142857	0.0210526315789474	0.0483333333333333	0.473816425120773	0	77.4594827586207	0.02	0.1446875	0.126346153846154	0.00375	17.7218181818182	0.166666666666667	0.00885245901639344	1.59714285714286	0.0335294117647059	6.62981818181818	1.31194444444444	0.01225
ENSG00000163421	0.0700000000000001	0.0197435897435897	0.00975609756097561	2.43846153846154	0.0113114754098361	0.133928571428571	0.124117647058824	0.019	0.453	0.0175	0.001	0.00615384615384616	0.038	56.5482142857143	0.00815789473684211	0.201666666666667	0.236666666666667	0.73	1.92344827586207	0.01	0.6753125	0.00461538461538462	0.583125	0	0.0619047619047619	0.272295081967213	0.214761904761905	0.0511764705882353	0.0187272727272727	0.0258333333333333	0.02825
ENSG00000163464	0	0.00358974358974359	0.0136585365853659	0.00282051282051282	0.140491803278689	0.00345238095238095	0.000588235294117647	0.0365714285714286	0.069	0.0059375	0	0.00128205128205128	0.0125	61.2896428571429	0.000526315789473684	0.000833333333333333	0.0205797101449275	0	0.474827586206897	0.87	0.0040625	0.0105769230769231	0.0009375	0.0136363636363636	0.00202380952380952	0.00114754098360656	0.030952380952381	0.000588235294117647	0.00927272727272728	0.00638888888888889	0.0025
ENSG00000163563	0	0.421025641025641	0.0104878048780488	0.0417948717948718	0.0134426229508197	0.0228571428571429	0.00411764705882354	0.0194285714285714	1.945	0.01375	0.032	0.223589743589744	0.02375	391.408214285714	0.0134210526315789	0.0270833333333333	0.0454106280193237	0.416666666666667	61.8043103448276	0.005	0.02578125	0.0209615384615385	0.016875	0.00272727272727273	0.0236904761904762	0.0908196721311475	1.44952380952381	0.00882352941176471	0.0105454545454545	0.0136111111111111	0.01275
ENSG00000164047	0	1.97820512820513	0.55	0.0325641025641026	3.6572131147541	0.0960714285714286	0.327058823529412	0.0868571428571429	0.084	0.264375	0.009	0.00102564102564103	0.087	952.357857142857	0.226842105263158	0.0233333333333333	0.202898550724638	0.0133333333333333	129.844655172414	0	0.0834375	0.114423076923077	0.0271875	1.28636363636364	0.925833333333333	0.0186885245901639	5.98809523809524	0.297058823529412	0.113636363636364	0.13	0.20175
ENSG00000169397	0	0.172820512820513	0.014390243902439	0.021025641025641	0.00836065573770492	0.0117857142857143	0.00764705882352942	0.011	0.265	0.0015625	0.027	0.0158974358974359	0.02075	49.3685714285714	0.0344736842105263	0.0266666666666667	0.0102898550724638	0.0616666666666667	4.99913793103448	0	0.0090625	0.0111538461538462	0	0	0.0198809523809524	0.0165573770491803	0.471428571428571	0.00647058823529412	0.00945454545454546	0.0025	0.0125
ENSG00000170956	0	0.0184615384615385	0.0385365853658537	0.00435897435897436	0.0916393442622951	0.00190476190476191	0.0588235294117647	0.194	0.011	0.0203125	0.015	0.00230769230769231	0.046	30.1628571428571	0.000263157894736842	0.00166666666666667	0.105845410628019	0.0266666666666667	2.4248275862069	0	0.17421875	0.0742307692307692	0.0040625	0.0581818181818182	0.000714285714285714	0.00655737704918033	0.0742857142857143	0.102352941176471	0.0105454545454545	0.00416666666666667	0.031
ENSG00000172232	0.7	0.244102564102564	0.167317073170732	0.182307692307692	0.366393442622951	0.19	0.0776470588235294	0.131	1.477	0.5896875	0.105	0.0905128205128205	0.325	97.3325	0.461842105263158	0.20375	0.280048309178744	0.0466666666666667	2.26844827586207	0.0175	0.29015625	0.456346153846154	0.22	0.08	0.0969047619047619	0.552786885245902	0.978095238095238	0.201764705882353	0.135818181818182	0.131944444444444	0.16275
ENSG00000180871	0	0.0228205128205128	0.141463414634146	0.0323076923076923	0.0462295081967213	0.0302380952380952	0.0552941176470588	0.178428571428571	6.83	0.3553125	0.027	0.00333333333333333	0.15475	115.683928571429	0.0197368421052632	0.0125	0.0455072463768116	0.303333333333333	1.22189655172414	2.01	0.0203125	0.0703846153846154	0.0078125	0.467272727272727	0.0547619047619048	0.0222950819672131	0.0409523809523809	0.00352941176470588	0.443818181818182	0.176666666666667	0.149
ENSG00000181631	0	0.0546153846153846	0.0024390243902439	0.00794871794871795	0.00459016393442623	0.0030952380952381	0.00470588235294118	0.00185714285714286	0.127	0.0125	0.001	0.0041025641025641	0.0045	37.4885714285714	0	0.0025	0.0123671497584541	0.916666666666667	5.15931034482759	0.0025	0.00359375	0.00115384615384615	0.0096875	0.00272727272727273	0.00107142857142857	0.0177049180327869	0.0661904761904762	0.00235294117647059	0.118909090909091	0.00333333333333333	0.0025
ENSG00000181963	0	0.0102564102564103	0	0.000769230769230769	0.000491803278688525	0.005	0	0.00171428571428571	0.002	0	0	0.000512820512820513	0.00075	1.13178571428571	0.000789473684210526	0	0.00115942028985507	0	0.0651724137931034	0.005	0	0	0	0	0	0	0.00285714285714286	0.0111764705882353	0.00327272727272727	0.000555555555555556	5e-04
ENSG00000182885	0.03	0.0420512820512821	0.0797560975609756	0.0220512820512821	0.14344262295082	0.0854761904761905	0.264117647058824	0.0682857142857143	0.33	0.269375	0.055	0.00512820512820513	0.13275	56.5617857142857	0.111315789473684	0.246666666666667	0.214975845410628	0.00666666666666667	4.92672413793103	0.49	0.12109375	0.0473076923076923	0.0390625	0.12	0.135714285714286	0.0442622950819672	0.15	0.347058823529412	0.0909090909090909	0.0661111111111111	0.2275
ENSG00000196415	0.94	0.102051282051282	0.132926829268293	0.117435897435897	0.199016393442623	0.190238095238095	0.202941176470588	0.188	1.571	0.2846875	0.128	0.0479487179487179	0.2035	65.2046428571429	0.173421052631579	0.157916666666667	0.198502415458937	0.00166666666666667	0.336206896551724	0.0075	0.189375	0.197307692307692	0.0565625	0.0427272727272727	0.168571428571429	0.240983606557377	0.78	0.132941176470588	0.113090909090909	0.1575	0.33225
ENSG00000197403	0	0.00179487179487179	0	0	0.000163934426229508	0	0	0.000142857142857143	0	0	0	0.000256410256410256	0.00025	1.38321428571429	0.000526315789473684	0	0.00193236714975845	0	0.0517241379310345	0	0.00015625	0	0	0	0.0111904761904762	0	0.00428571428571429	0.000588235294117647	0.00709090909090909	0.000833333333333333	0.00025
ENSG00000197561	0.02	0.191282051282051	0.0534146341463415	0.167179487179487	0.0824590163934426	0.30202380952381	0.0758823529411765	0.111857142857143	1.64	0.1784375	0.01	0.162564102564103	0.0915	110.1125	0.15	0.0683333333333333	0.10304347826087	0.045	2.74155172413793	0	0.0903125	0.105961538461538	0.0671875	0.0372727272727273	0.0871428571428571	0.326885245901639	1.27190476190476	0.0817647058823529	0.0789090909090909	0.0875	0.06125
ENSG00000249662	0	0.00717948717948718	0.0048780487804878	0.0594871794871795	0.00229508196721312	0.00488095238095238	0.00294117647058824	0	0.005	0.0096875	0	0.000512820512820513	0	2.01357142857143	0.000526315789473684	0.00208333333333333	0.00173913043478261	0.00833333333333333	0.0291379310344828	0	0.00265625	0	0.0025	0	0.00595238095238095	0	0.00142857142857143	0	0	0	0
ENSG00000084674	0	0.00435897435897436	0.967560975609756	0.00666666666666667	0.019016393442623	0.00642857142857143	0.0105882352941176	0.764142857142857	0.029	0.009375	0	0.0497435897435898	12.437	0.00142857142857143	0.0068421052631579	134.753333333333	0.0732850241545894	0.0816666666666667	0	0	0.07890625	0.00711538461538462	0.013125	0.0163636363636364	0.00916666666666667	0.00540983606557377	0	0.00588235294117647	0.0621818181818182	0.00888888888888889	0.01375
ENSG00000091583	0	0.0058974358974359	1.57243902439024	0.393846153846154	0.0249180327868853	0.160357142857143	0.0188235294117647	1.89157142857143	0.038	0.05875	0.003	0.0597435897435898	1.6975	0.00214285714285714	0.788157894736842	133.474583333333	0.512367149758454	0.01	0.00172413793103448	0	0.56578125	0.449230769230769	0.23875	1.69545454545455	0.0194047619047619	0.040327868852459	0.00333333333333333	0.122352941176471	0.0143636363636364	0.0425	0.036
ENSG00000110243	0	0.00128205128205128	0.00463414634146341	0.018974358974359	0.0185245901639344	0.01	0.00411764705882354	0.0461428571428571	0	0.0025	0.00800000000000001	0.0151282051282051	0.0565	0	0.005	2.25625	0.0097584541062802	0	0	0	0.0059375	0.0113461538461538	0.013125	0.0736363636363637	0.00416666666666667	0.0101639344262295	0	0.0158823529411765	0.00872727272727273	0.00305555555555556	0.00725
ENSG00000123561	0	0.000256410256410256	0.0587804878048781	0.00179487179487179	0.00672131147540984	0.00178571428571429	0	0.369428571428571	0.001	0	0	0	0.002	0	0.00605263157894737	5.7925	0.00164251207729469	0	0	0	0.00140625	0.00173076923076923	0	0.224545454545455	0.00119047619047619	0.00114754098360656	0	0.000588235294117647	0.00254545454545455	0.0108333333333333	0.00225
ENSG00000145192	0.34	0.000769230769230769	0.188292682926829	0.512820512820513	0.0645901639344263	0.0353571428571429	0.0188235294117647	1.42128571428571	0.241	0.06625	0.008	0.130769230769231	22.72175	0.0164285714285714	0.0478947368421053	378.180416666666	0.235700483091787	0.0233333333333333	0.013448275862069	0	0.1440625	0.105961538461538	0.1534375	0.0972727272727273	0.0395238095238095	0.0336065573770492	0.000476190476190476	0.0264705882352941	0.0778181818181818	0.0555555555555556	0.16425
ENSG00000149742	0	0.0284615384615385	0.00780487804878049	0.00205128205128205	0.00377049180327869	0.00238095238095238	0	0.0185714285714286	0.018	0.0309375	0.001	0.00307692307692308	0.042	0.000357142857142857	0.00157894736842105	3.57916666666667	0.00492753623188406	0.0566666666666667	0.00103448275862069	0	0.01171875	0.00596153846153846	0.0046875	0.00454545454545455	0.00226190476190476	0.0019672131147541	0	0.00294117647058824	0.00727272727272727	0.0763888888888889	0.00325
ENSG00000151655	0	0.00820512820512821	1.41634146341463	0.0135897435897436	0.0778688524590164	0.0151190476190476	0.00588235294117648	0.092	0.028	0.0896875	0.002	0.0574358974358975	3.82525	0.00285714285714286	0.215	117.693333333333	0.261400966183575	0.101666666666667	0.00206896551724138	0	1.763125	1.47307692307692	0.0234375	0.0181818181818182	0.0214285714285714	0.0385245901639344	0	0.0817647058823529	0.0807272727272727	0.579166666666667	0.11025
ENSG00000158874	0.21	0.00179487179487179	2.39829268292683	0.302307692307692	0.369836065573771	0.226428571428571	0.109411764705882	43.5394285714286	0.195	0.1971875	0.314	0.888205128205128	248.59425	0.0860714285714286	0.168157894736842	1847.71791666667	2.08367149758454	0.07	0.298620689655172	0	0.37890625	0.869615384615385	0.3053125	0.385454545454545	0.318809523809524	0.345245901639344	0	0.195882352941176	0.124181818181818	5.41527777777778	0.942
ENSG00000163631	0.01	0.12974358974359	48.0495121951219	0.444102564102564	9.76491803278689	0.302976190476191	0.215882352941176	3.23314285714286	1.64	0.5190625	0.078	0.887692307692308	6.075	0.178571428571429	0.493947368421053	1704.94416666667	6.31367149758454	1.17166666666667	0.0313793103448276	0.0025	1.39703125	13.0367307692308	0.44	57.07	0.20547619047619	0.381475409836066	0.0376190476190476	0.154705882352941	0.246363636363636	0.306388888888889	0.435
ENSG00000256162	0	0.00205128205128205	0.0739024390243902	0.018974358974359	0.0126229508196721	0.0120238095238095	0.00176470588235294	0.214	0.002	0.00625	0.006	0.0202564102564103	0.102	0	0.0847368421052632	5.26833333333333	0.00797101449275363	0.00333333333333333	0	0	0.01703125	0.0411538461538462	0.0034375	0.00545454545454545	0.00940476190476191	0.00836065573770492	0	0.00470588235294118	0.00345454545454546	0.143055555555556	0.0265
ENSG00000118702	0	0.00512820512820513	0.0102439024390244	0.00461538461538461	0.03	0.00797619047619048	0.196470588235294	0.0241428571428571	0	0.0040625	0.013	0	0.0205	0	0.000789473684210526	0.00208333333333333	19.6389371980676	0	0.00206896551724138	0.0075	0.01546875	0.00980769230769231	0.075	0	0.0902380952380952	0.549344262295082	0	0.0288235294117647	0.00472727272727273	0.00361111111111111	0.024
ENSG00000122852	0	0.00641025641025641	0.0131707317073171	0.0251282051282051	0.0226229508196721	0.010952380952381	0	0.0302857142857143	0	0.0434375	0.019	0.0356410256410256	0.0325	0	0.028421052631579	0.0125	6.59623188405797	0	0.00827586206896552	0	0.02828125	0.115384615384615	0.00906250000000001	0.125454545454545	0.013452380952381	0.0162295081967213	0	0.312352941176471	0.026	0.0475	0.008
ENSG00000005961	0.81	0.325384615384615	0.330975609756098	1.1	1.46918032786885	0.89797619047619	0.857647058823529	0.453285714285714	32.701	1.738125	0.576	0.154871794871795	0.59125	0.7975	0.566842105263158	0.534166666666667	1.34729468599034	634.08	2.84189655172414	0.1075	1.00328125	0.407307692307692	1.7984375	1.85909090909091	0.607380952380952	0.707868852459016	0.18952380952381	0.568235294117647	0.855272727272727	0.508333333333333	1.5035
ENSG00000088053	0.14	0.0528205128205128	0.317317073170732	0.366666666666667	0.283770491803279	0.0880952380952381	0.0741176470588236	0.268285714285714	0.516	0.254375	0.021	0.0374358974358974	0.43	0.0885714285714286	0.429736842105263	0.445	0.203236714975845	39.07	0.205862068965517	0.0325	0.35765625	0.203269230769231	0.0384375	0.0727272727272727	0.0710714285714286	0.798196721311475	0.0176190476190476	0.170588235294118	0.168727272727273	0.131944444444444	0.241
ENSG00000101162	0.2	0.0664102564102564	0.0704878048780488	0.16025641025641	0.319672131147541	0.192738095238095	0.125882352941177	0.206428571428571	14.709	0.145625	0.044	0.100512820512821	0.46325	1.405	0.131842105263158	0.48125	0.254927536231884	314.476666666667	4.40275862068966	0.0125	0.1528125	0.175769230769231	0.1828125	0.197272727272727	0.2875	0.397213114754098	0.216666666666667	0.282941176470588	0.0938181818181818	0.236111111111111	0.2035
ENSG00000109272	0	0.0151282051282051	0.779268292682927	0.0292307692307692	0.0227868852459016	0.0738095238095238	0.145294117647059	0.0402857142857143	0.489	0.1128125	0.196	0.957435897435898	0.09875	0.184285714285714	0.517368421052632	0.44375	0.203333333333333	88.9183333333333	0.56948275862069	0.0025	0.21765625	0.104038461538462	0	0.146363636363636	0.0241666666666667	0.151311475409836	0.0514285714285714	0.953529411764706	0.0447272727272727	0.0258333333333333	0.1615
ENSG00000110799	0	0.0415384615384615	0.308780487804878	0.151794871794872	0.32	0.3325	0.108823529411765	0.325714285714286	0.465	1.6284375	0.132	0.403076923076923	0.17975	0.340357142857143	0.0860526315789474	0.0683333333333333	0.21951690821256	67.5933333333333	0.662931034482759	0.005	0.576875	0.7025	0.2509375	0.705454545454545	0.348095238095238	0.71344262295082	0.396190476190476	0.128823529411765	0.372181818181818	0.246944444444444	0.5375
ENSG00000111644	0.5	0.647692307692308	0.572926829268293	1.59897435897436	0.647868852459016	0.347142857142857	0.48	1.37842857142857	2.132	1.51375	0.283	0.27051282051282	2.22125	1.035	0.500526315789474	0.289583333333333	1.06864734299517	170.803333333333	4.31568965517241	0.3075	1.0571875	0.619230769230769	1.340625	1.25636363636364	0.221309523809524	0.457049180327869	0.267619047619048	1.40823529411765	0.351636363636364	0.608611111111111	0.9315
ENSG00000115956	0.01	18.4194871794872	0.0390243902439025	0.132307692307692	0.124590163934426	0.1225	0.0141176470588235	0.119428571428571	52.71	0.156875	0.016	0.0966666666666667	0.06875	70.0085714285714	1.82289473684211	0.0716666666666667	0.0966666666666667	2912.17	175.939827586207	29.525	0.2075	0.0569230769230769	0.0628125	0.04	0.113214285714286	0.235573770491803	5.33904761904762	0.09	0.0481818181818182	0.103055555555556	0.11675
ENSG00000117400	0	0.000769230769230769	0.0378048780487805	0.0243589743589744	0.0778688524590164	0.0321428571428572	0.0288235294117647	0.0702857142857143	0.717	0.0946875	0.039	0.0123076923076923	0.074	0.0185714285714286	0.04	0.0375	0.0948309178743962	16.5066666666667	0.106551724137931	0	0.06828125	0.0765384615384616	0.00875	0.0654545454545455	0.0266666666666667	0.0139344262295082	0.00285714285714286	0.0635294117647059	0.046	0.0572222222222223	0.0795
ENSG00000120279	0.03	0.00743589743589744	0.0892682926829268	0.432051282051282	0.0829508196721311	0.790952380952381	0.0141176470588235	0.194	1.682	0.0165625	0.044	3.84435897435897	0.03175	0.378571428571429	0.126315789473684	0.15375	0.158985507246377	97.42	0.13051724137931	0	0.4021875	0.2975	0.8459375	0.0590909090909091	0.240714285714286	0.47327868852459	0.0438095238095238	3.02941176470588	0.0265454545454546	0.0927777777777778	0.0975
ENSG00000133800	0	0.0179487179487179	0.0051219512195122	0.0871794871794872	0.00524590163934426	0.0244047619047619	0.00352941176470588	0.0138571428571429	0.246	0.0184375	0.004	0.370769230769231	0.00525	0.3025	0.0118421052631579	0.105833333333333	0.00859903381642512	20.0933333333333	0.0282758620689655	0	0.00359375	0.00826923076923078	0.020625	0.02	0.0290476190476191	0.10983606557377	0.0104761904761905	0.00352941176470588	0.0132727272727273	0.00527777777777778	0.00325
ENSG00000138722	0.01	0.722820512820513	0.126341463414634	0.0548717948717949	0.0154098360655738	0.379166666666667	4.26941176470588	0.0125714285714286	5.181	0.0178125	0.011	0.00948717948717949	3.3255	0.0578571428571429	2.60605263157895	0.0466666666666667	0.385314009661836	450.355	0.561379310344828	0.07	4.39890625	0.322884615384615	0.0184375	0.0990909090909091	0.0189285714285714	1.44508196721311	0.317142857142857	0.0135294117647059	0.0172727272727273	0.0108333333333333	0.02575
ENSG00000150681	0	0.249487179487179	0.0604878048780488	0.435128205128205	0.0175409836065574	0.222619047619048	0.00294117647058824	0.0128571428571429	10.582	0.021875	0.004	0.236923076923077	0.016	39.55	0.0339473684210526	0.0345833333333333	0.0361835748792271	795.375	12.2196551724138	0.0575	0.06234375	0.0292307692307692	0.0075	0.0290909090909091	0.0155952380952381	0.0598360655737705	0.41	0.0476470588235294	0.0338181818181818	0.0291666666666667	0.02125
ENSG00000161911	0.04	0.0392307692307692	0.0051219512195122	0.0841025641025641	0.0211475409836066	0.0104761904761905	0.00411764705882354	0.0182857142857143	2.689	0.0109375	0.071	0.00358974358974359	0.012	0.145714285714286	0.00473684210526316	0.0225	0.0591787439613527	138.753333333333	4.76551724137931	0.0025	0.04375	0.0103846153846154	0.0234375	0.0309090909090909	0.0236904761904762	0.0278688524590164	0.0333333333333333	0.0205882352941177	0.0363636363636364	0.03	0.36675
ENSG00000163736	0	0.234102564102564	6.65292682926829	0.225384615384615	0.249180327868852	0.0290476190476191	1.28294117647059	51.1861428571429	217.446	0.2621875	0.001	0.0128205128205128	0.6655	2.07214285714286	0.723684210526316	0.0208333333333333	9.00990338164251	15841.8933333333	50.3891379310345	0.09	1.22734375	0.681538461538462	0.0028125	0.247272727272727	0.0475	152.86262295082	1.6847619047619	0.151764705882353	0.515636363636364	1.63166666666667	0.08075
ENSG00000163737	0	0.134615384615385	0.70390243902439	0.108974358974359	0.581803278688525	0.0671428571428572	0.00529411764705883	9.81885714285714	55.427	0.5625	0	0.227692307692308	0.9595	1.04857142857143	0.0692105263157895	0.57625	0.661690821256039	5021.50333333333	7.82068965517241	0.0275	0.17875	0.348461538461538	0.0084375	0.132727272727273	0.115833333333333	0.34655737704918	0.501904761904762	0.772352941176471	0.0792727272727273	0.112222222222222	0.194
ENSG00000165682	0	0.00307692307692308	0.011219512195122	0.00692307692307693	0.0019672131147541	0.00988095238095238	0.0123529411764706	0.004	8.542	0.0259375	0	0.00615384615384616	0.00325	0.111785714285714	0.00236842105263158	0.00375	0.0107729468599034	588.305	1.57413793103448	0.0025	0.01203125	0.0128846153846154	0	0.00636363636363636	0.0164285714285714	0.491967213114754	0.0204761904761905	0	0.0225454545454546	0.035	0.0015
ENSG00000166091	0	0.0343589743589744	0.054390243902439	6.08564102564103	0.0178688524590164	1.18988095238095	0.00176470588235294	0.0354285714285714	3.588	0.0209375	0.215	0.0256410256410256	0.00675	0.103571428571429	0.0221052631578947	0.0120833333333333	0.175990338164251	164.133333333333	0.728275862068966	0.0025	0.038125	0.00538461538461539	0.15875	0.00454545454545455	4.07678571428571	0.0775409836065574	0.0385714285714286	0.03	0.0143636363636364	0.00861111111111111	0.04625
ENSG00000169224	0	0.0130769230769231	0.223658536585366	0.602051282051282	0.0111475409836066	0.210595238095238	0	0.008	11.865	0.005	0	0.0246153846153846	0.0105	0.0875	0.0144736842105263	0.05625	0.155990338164251	283.705	2.99155172413793	0.015	0.1946875	0.00865384615384616	0.0321875	0.00454545454545455	0.318214285714286	0.0677049180327869	0.0133333333333333	0.119411764705882	0.00981818181818182	0.0194444444444445	0.008
ENSG00000169704	0	0.0417948717948718	0.00121951219512195	0.00846153846153846	0.00278688524590164	0.00119047619047619	0	0.0127142857142857	0.827	0.023125	0	0.00307692307692308	0.00225	0.2075	0.0018421052631579	0.00375	0.0156038647342995	119.031666666667	0.432758620689655	0.0075	0.0046875	0.00442307692307693	0.0015625	0.00181818181818182	0.000357142857142857	0.000491803278688525	0.0280952380952381	0	0.0116363636363636	0.00750000000000001	0.00325
ENSG00000174175	0	0.0851282051282051	0.921219512195122	0.0128205128205128	0.0104918032786885	0.00845238095238095	0.0123529411764706	0.0884285714285714	7.168	0.0175	0.013	0.00205128205128205	0.4545	0.337142857142857	0.00526315789473684	0.0375	0.120917874396135	661.41	0.639137931034483	0.0125	0.498125	0.782692307692308	0.00375	0.00181818181818182	0.0153571428571429	0.0244262295081967	0.255238095238095	0.0958823529411765	0.0216363636363636	0.0827777777777778	0.00975000000000001
ENSG00000178732	0.01	0.0161538461538462	0.0124390243902439	0.0269230769230769	0.0152459016393443	0.0282142857142857	0.00470588235294118	0.0208571428571429	0.12	0.025	0.011	0.0753846153846154	0.01925	0.0282142857142857	0.043421052631579	0.0141666666666667	0.0403864734299517	11.3316666666667	0.0474137931034483	0.0325	0.02546875	0.0178846153846154	0.0328125	0.0118181818181818	0.0189285714285714	0.0167213114754098	0.61952380952381	0.0235294117647059	0.0118181818181818	0.0125	0.02375
ENSG00000204420	0.01	0.0487179487179487	0.22390243902439	0.155384615384615	0.323606557377049	0.104166666666667	0.167058823529412	0.707571428571429	9.597	0.29	0.021	0.16025641025641	0.27775	0.295357142857143	0.0831578947368421	0.159583333333333	0.238937198067633	290.568333333333	1.49465517241379	0.075	0.154375	0.165	0.234375	0.428181818181818	0.0633333333333333	0.0926229508196721	0.0257142857142857	0.0588235294117647	0.264	0.246944444444444	0.20575
ENSG00000204424	0	0.00538461538461538	0.00536585365853659	0.00282051282051282	0.00770491803278689	0.00595238095238095	0.00588235294117647	0.0178571428571429	3.538	0.016875	0.004	0.000769230769230769	0.01275	0.0878571428571429	0.00184210526315789	0.00458333333333333	0.00946859903381643	176.666666666667	0.44448275862069	0	0.01109375	0.0101923076923077	0.0103125	0.0090909090909091	0.00369047619047619	0.00409836065573771	0.00857142857142857	0.00176470588235294	0.00618181818181818	0.0025	0.0075
ENSG00000250641	0	0.00666666666666667	0.0378048780487805	0.133333333333333	0.0385245901639344	0.0075	0.00352941176470588	4.46885714285714	3.117	0.040625	0.00600000000000001	0.00384615384615385	0.155	0.00857142857142857	0.00263157894736842	0.0895833333333333	0.0255072463768116	200.953333333333	0.0129310344827586	0	0.02109375	0.00730769230769231	0.003125	0.0354545454545455	0.00345238095238095	0.00967213114754099	0.00238095238095238	0.00117647058823529	0.230181818181818	0	0.087
ENSG00000010327	0.0700000000000001	0.30974358974359	0.0702439024390244	0.118205128205128	0.418032786885246	0.276547619047619	0.192352941176471	0.103428571428571	4.712	0.1271875	0.076	0.244615384615385	0.11775	0.346428571428571	0.0892105263157895	0.132916666666667	0.253381642512077	2.91166666666667	70.2408620689655	0.03	0.12796875	0.0807692307692308	0.136875	0.222727272727273	0.0991666666666667	0.405245901639344	0.0557142857142857	0.140588235294118	0.206	0.0916666666666667	0.19675
ENSG00000038945	0.01	0.599487179487179	0.354878048780488	1.13384615384615	0.289508196721311	1.48	0.0264705882352941	0.166285714285714	0.265	0.5284375	0.14	1.42641025641026	0.92725	0.0278571428571429	3.86447368421053	0.92625	0.343574879227053	0.251666666666667	182.435	0	2.1565625	0.278269230769231	1.0453125	0.0936363636363636	1.67738095238095	1.49213114754098	0.0371428571428571	5.44588235294118	0.557090909090909	1.06277777777778	2.257
ENSG00000090659	0.02	0.00666666666666667	0.00317073170731708	0.00538461538461538	0.00114754098360656	0.0171428571428572	0.00117647058823529	0.00457142857142857	0.026	0.005	0.006	0.00128205128205128	0.004	0.00464285714285714	0.102894736842105	0.00416666666666667	0.00898550724637681	0.0266666666666667	15.9413793103448	0	0.02390625	0.00442307692307692	0	0.000909090909090909	0.00488095238095238	0.0537704918032787	0.00714285714285714	0.395882352941177	0.00381818181818182	0.0125	0.01525
ENSG00000095970	0	0.0146153846153846	0.0321951219512195	0.0138461538461539	0.0152459016393443	0.055952380952381	0.0729411764705882	0.00871428571428572	0.042	0.0771875	0.599	0.0205128205128205	0.00500000000000001	0.0628571428571429	0.0286842105263158	0.0154166666666667	0.334202898550725	0.495	97.7037931034483	0	0.02015625	0.0169230769230769	0.0571875	0.706363636363636	0.136666666666667	0.497213114754098	0.00904761904761905	0.0435294117647059	0.966	0.02	0.03525
ENSG00000102794	0	0.00282051282051282	0.00146341463414634	0.00205128205128205	0.0113114754098361	0.023452380952381	0.00176470588235294	0.00614285714285714	0.005	0.001875	0	0.00102564102564103	5e-04	0	0.00315789473684211	0.000416666666666667	0.00178743961352657	0.01	2.44	0	0.0184375	0.00557692307692308	0.000625	0.0154545454545455	0.00976190476190477	0.0155737704918033	0	0.0458823529411765	0.0185454545454545	0.00472222222222223	0.00325
ENSG00000102962	0	0.0471794871794872	0.661463414634146	0.0058974358974359	0.810819672131148	0.0211904761904762	0.435294117647059	0.108142857142857	0.038	0.3390625	0.002	0.0164102564102564	0.076	0.000357142857142857	0.00736842105263158	0.0354166666666667	0.376859903381642	0.246666666666667	288.15275862069	0	0.06328125	0.3425	0.0053125	1.78272727272727	0.115833333333333	0.0098360655737705	0.11047619047619	0.0294117647058824	1.13672727272727	1.36611111111111	0.05475
ENSG00000102970	0	0.777948717948718	0.251707317073171	0.266923076923077	0.494590163934426	0.0926190476190476	0.0464705882352941	0.0897142857142857	0.01	0.4175	0.081	0.288974358974359	0.0605	0.00107142857142857	0.0752631578947369	0.0370833333333333	0.107584541062802	0	762.535517241379	0	0.22890625	0.147692307692308	0.1796875	0.111818181818182	0.38547619047619	0.0277049180327869	0.667619047619048	0.0152941176470588	0.532363636363636	0.848611111111111	0.06225
ENSG00000108700	0	0.00102564102564103	0.0236585365853659	0.37051282051282	0.0149180327868852	0.197857142857143	0.00529411764705882	0.00228571428571429	0.002	0.0109375	0.016	0.21025641025641	0.00025	0.00535714285714286	0.00184210526315789	0.00791666666666667	0.00995169082125604	0.231666666666667	7.16120689655172	0	0.0075	0.0103846153846154	0.00125	0.00454545454545455	0.0196428571428571	0.0514754098360656	0.00238095238095238	0.00882352941176471	0.000545454545454545	0.000277777777777778	0.00775
ENSG00000108702	0	0.00282051282051282	0	0.01	0.00950819672131148	0.0326190476190476	0	0.0928571428571429	0.063	0	0.002	0.0328205128205128	0.0025	0	0.00921052631578948	0.0108333333333333	0.230917874396135	0.03	4.9298275862069	0	0.03671875	0.00173076923076923	0.015625	0.0145454545454545	0.0119047619047619	0.00508196721311476	0	0.00235294117647059	0.000727272727272727	0.00444444444444445	0.0085
ENSG00000110077	0	0.193333333333333	0.00585365853658537	0.0871794871794872	0.0286885245901639	0.0208333333333333	0.00235294117647059	0.0264285714285714	3.178	0.038125	0.007	0.0125641025641026	0.02525	13.2996428571429	0.0252631578947369	0.0166666666666667	0.0514975845410628	0.976666666666667	153.194482758621	0.01	0.03375	0.0323076923076923	0.0134375	0.0136363636363637	0.0713095238095238	0.501803278688525	0.163809523809524	0.0152941176470588	0.028	0.0233333333333333	0.0125
ENSG00000110079	0	0.081025641025641	0.0821951219512195	0.0971794871794872	0.00852459016393443	0.0538095238095238	0.0170588235294118	0.0221428571428571	0.149	0.031875	0.015	0.0158974358974359	0.0225	0.0746428571428571	0.0652631578947369	0.0541666666666667	0.0357487922705314	0.281666666666667	62.1984482758621	0	0.0128125	0.0123076923076923	0.00812500000000001	0.00272727272727273	0.0188095238095238	0.183114754098361	0.00285714285714286	0.0570588235294118	0.0281818181818182	0.0611111111111111	0.02575
ENSG00000114013	0.04	3.91205128205128	0.0778048780487805	1.0074358974359	0.0634426229508197	0.0833333333333333	0.0811764705882353	0.0545714285714286	1.599	0.4446875	0.011	0.0353846153846154	0.1035	0.106428571428571	0.0297368421052632	0.0395833333333333	0.0834782608695652	0.496666666666667	67.8079310344828	0.0025	0.03125	0.123269230769231	0.0325	0.215454545454545	0.122142857142857	0.0475409836065574	0.0323809523809524	0.0935294117647059	0.925090909090909	0.405	0.03625
ENSG00000132514	0	0.00461538461538462	0.00292682926829269	0.0117948717948718	0.000491803278688525	0.00928571428571429	0	0.00457142857142858	2.557	0.00375	0.001	0	0.0055	0.0746428571428571	0.000789473684210526	0.0875	0.00318840579710145	0.06	46.9884482758621	0	0.00109375	0.00192307692307692	0	0.00545454545454545	0.00511904761904762	0.0150819672131148	0.0185714285714286	0.00235294117647059	0.00309090909090909	0.000277777777777778	0.00475
ENSG00000134028	0	0.117692307692308	0.0109756097560976	0.0105128205128205	0.0019672131147541	0.0239285714285714	0.00117647058823529	0.005	0.502	0.003125	0	0.0115384615384615	5e-04	0.0271428571428571	0.00157894736842105	0.0129166666666667	0.0021256038647343	4.19	35.2441379310345	0	0.0028125	0.00326923076923077	0.0021875	0.000909090909090909	0.00440476190476191	0.0670491803278689	0.000476190476190476	0.00588235294117648	0.00527272727272728	0.00833333333333333	0.0025
ENSG00000146070	0	0.00820512820512821	0.322926829268293	0.13948717948718	0.365901639344262	0.379047619047619	0.0152941176470588	0.536714285714286	0.915	0.3540625	0.172	0.0405128205128205	0.55	0.0282142857142857	0.0873684210526316	0.678333333333333	0.420144927536232	1.135	130.440517241379	0	1.10171875	0.570576923076923	0.00375	8.40363636363636	1.41404761904762	0.625245901639344	0.0119047619047619	0.598235294117647	0.217818181818182	0.490277777777778	0.93375
ENSG00000155659	0	0.022051282051282	0.00121951219512195	0.00666666666666667	0.0301639344262295	0.00166666666666667	0.155294117647059	0.00471428571428572	0.106	0.0046875	0	0.00153846153846154	0.0015	0.0485714285714286	0.00131578947368421	0.0404166666666667	0.00280193236714976	0.19	61.3958620689655	0	0.00453125	0.00211538461538462	0.0021875	0	0.00238095238095238	0.724426229508197	0.0138095238095238	0.00470588235294118	0.000727272727272727	0.00472222222222222	0.003
ENSG00000158477	0	0.483076923076923	0.00195121951219512	0.00333333333333334	0.00229508196721311	0.00380952380952381	0.00176470588235294	0.00357142857142857	0.051	0.005625	0	0.00871794871794872	0.00325	0.00321428571428571	0.01	0.01	0.00507246376811594	0.351666666666667	12.6689655172414	0	0.00328125	0.00153846153846154	0.00125	0	0.0863095238095238	0.0019672131147541	0	0.00294117647058824	0.00254545454545455	0.00527777777777778	0.004
ENSG00000158485	0.79	0.00307692307692308	0.000975609756097561	0.0164102564102564	0.00672131147540984	0.0104761904761905	0	0.00928571428571429	0.004	0.01375	0	0.0238461538461539	0.0145	0.00214285714285714	0.0147368421052632	0.0291666666666667	0.0180676328502416	0	13.8958620689655	0	0.00546875	0.00903846153846154	0.00375	0.00181818181818182	0.00928571428571429	0.00344262295081967	0	0.00941176470588236	0.008	0.0111111111111111	0.0115
ENSG00000158488	0.03	0.0176923076923077	0.00292682926829268	0.0133333333333333	0.0168852459016393	0.0102380952380952	0.00588235294117648	0.0167142857142857	0.012	0.0271875	0	0.0658974358974359	0.025	0.00535714285714286	0.0168421052631579	0.0379166666666667	0.071256038647343	0.0133333333333333	9.25706896551724	0	0.01359375	0.0123076923076923	0.005625	0.0109090909090909	0.0117857142857143	0.00901639344262295	0	0.00882352941176471	0.0136363636363636	0.0122222222222222	0.03075
ENSG00000158714	0	0.0264102564102564	0.0402439024390244	0.0412820512820513	0.0867213114754098	0.301547619047619	0.0129411764705882	0.0341428571428572	0.052	0.0453125	0.00900000000000001	0.111538461538462	0.03525	0.0732142857142857	0.327631578947368	0.0375	0.105652173913043	0.366666666666667	24.8744827586207	0.1925	0.05546875	0.0469230769230769	0.0121875	0.0218181818181818	0.150595238095238	0.809344262295082	0.0928571428571429	0.39	0.0523636363636364	0.0561111111111111	0.0545
ENSG00000159189	0.01	0.101538461538462	0	0.0202564102564103	0.00114754098360656	0.00261904761904762	0.00470588235294118	0.00528571428571429	0.723	0.0065625	0.00900000000000001	0	0.00225	0.0485714285714286	0	0.00291666666666667	0.00545893719806763	0.165	63.7536206896552	0	0.00875	0.00538461538461539	0.0046875	0.00272727272727273	0.00428571428571429	1.28950819672131	0.0157142857142857	0	0.000909090909090909	0.00138888888888889	0.00475
ENSG00000164935	0	0.00564102564102564	0.0182926829268293	0.058974358974359	0.0983606557377049	0.0914285714285714	0	0.0197142857142857	0.033	0.00687500000000001	0.075	0.148205128205128	0.02175	0.0025	0.395526315789474	0.00791666666666667	0.0509661835748792	0.395	83.1841379310345	0	0.01046875	0.00153846153846154	0.1103125	0	4.46678571428571	0.861967213114754	0.00571428571428571	5.08058823529412	0.012	0.00750000000000001	0.01225
ENSG00000166926	0	0.00538461538461538	0.00560975609756098	0.00205128205128205	0.00754098360655738	0.030952380952381	0	0.00128571428571429	0	0.0034375	0	0.00153846153846154	0.0035	0.00107142857142857	0.00657894736842105	0.00666666666666667	0.00309178743961353	0	1.03155172413793	0	0.00328125	0.000192307692307692	0.005	0	0.005	0.0221311475409836	0	0.00294117647058824	0.00272727272727273	0.0025	0
ENSG00000166927	0	2.87102564102564	0.0024390243902439	0.0102564102564103	1.65819672131148	0.0269047619047619	0.00941176470588236	0.013	1.368	0.0165625	0.608	0.0158974358974359	0.546	1.58	0.005	0.0116666666666667	0.0561352657004831	3.07666666666667	131.563793103448	0.0125	0.0103125	0.0180769230769231	0.003125	0.0454545454545455	0.486666666666667	0.0788524590163934	0.0152380952380952	0.0717647058823529	0.0101818181818182	0.128055555555556	0.00325
ENSG00000173369	0	0.15974358974359	0.000975609756097561	0.0256410256410256	0.00147540983606557	0.00464285714285714	0.0129411764705882	0.0134285714285714	0.5	0.0165625	0.012	0.000769230769230769	0.00375	0.0867857142857143	0.00105263157894737	0	0.0208695652173913	0.173333333333333	76.4070689655172	0	0.0159375	0.00903846153846154	0.0075	0	0.0114285714285714	1.9427868852459	0.0357142857142857	0	0.00218181818181818	0.00333333333333333	0
ENSG00000173372	0	0.142051282051282	0	0.0276923076923077	0.0109836065573771	0.0132142857142857	0.0105882352941176	0.0142857142857143	0.853	0.023125	0.051	0	0.0055	0.0892857142857143	0.000526315789473684	0.000833333333333333	0.0436714975845411	0.206666666666667	163.563275862069	0	0.01421875	0.127307692307692	0.0121875	0	0.0138095238095238	2.15114754098361	0.0219047619047619	0	0.00163636363636364	0.00361111111111111	0.09225
ENSG00000178175	0	0.00282051282051282	0.000975609756097561	0.00333333333333333	0.0267213114754098	0.0405952380952381	0.000588235294117647	0.00185714285714286	0.048	0.0009375	0.001	0.00948717948717949	0.003	0.0407142857142857	0.0152631578947368	0.0441666666666667	0.0161835748792271	0.0583333333333333	7.27655172413793	0	0.0025	0.0025	0.005625	0.00181818181818182	0.0570238095238095	0.0424590163934426	0.00714285714285714	0.00705882352941176	0.00327272727272727	0.0266666666666667	0.024
ENSG00000181374	0	0.00615384615384615	0.0024390243902439	0.219487179487179	0.0491803278688525	0.0105952380952381	0.0247058823529412	0.018	0.182	0.0034375	0.014	0.605384615384615	0.00225	0.00107142857142857	0.00131578947368421	0	0.00531400966183575	5.44166666666667	69.3862068965517	0	0.0021875	0.00307692307692308	0.0009375	0.00363636363636364	0.0120238095238095	0.0134426229508197	0.0904761904761905	0	0.000909090909090909	0.265	0.0045
ENSG00000182566	0	0.0364102564102564	0.000731707317073171	0.00794871794871795	0	0.00345238095238095	0	0.00785714285714286	0.015	0.0009375	0	0	0	0.025	0.000789473684210526	0	0.0300966183574879	0.00333333333333333	3.00879310344828	0	0.00109375	0.00134615384615385	0	0	0.000833333333333333	0.00573770491803279	0.00333333333333333	0.00470588235294118	0.000181818181818182	0	0.002
ENSG00000186407	0	0.0192307692307692	0.00439024390243902	0.011025641025641	0.00950819672131148	0.00261904761904762	0.00117647058823529	0.00185714285714286	1.001	0.000625	0.004	0.000512820512820513	0.002	0.231428571428571	0.000526315789473684	0	0.00995169082125604	0.035	45.0603448275862	0	0.0015625	0.000769230769230769	0.014375	0.00272727272727273	0.00297619047619048	0.0173770491803279	0.000476190476190476	0.0135294117647059	0.00145454545454545	0.00277777777777778	5e-04
ENSG00000186818	0	6.23333333333333	0.0412195121951219	0.071025641025641	0.0195081967213115	0.0370238095238095	0.00470588235294118	0.0164285714285714	0.22	0.020625	0.002	0.01	0.01175	0.2375	0.0223684210526316	0.0254166666666667	0.0497101449275362	0.67	67.2344827586207	0.0025	0.02	0.0186538461538462	0.01125	0.0109090909090909	0.0151190476190476	0.0649180327868852	0.0314285714285714	0.125882352941176	0.0210909090909091	0.0155555555555556	0.01275
ENSG00000239642	0	0.0774358974358974	0.0048780487804878	0.00230769230769231	0.00885245901639344	0.00333333333333334	0	0.001	0.053	0	0	0.00384615384615385	0.00075	0.0385714285714286	0.00263157894736842	0.00541666666666667	0.0305797101449275	0.01	3.99413793103448	0.0525	0.001875	0.00153846153846154	0.0003125	0	0.000833333333333333	0.00327868852459016	0.0828571428571429	0.04	0.000181818181818182	0.0358333333333333	0.02
ENSG00000255833	0	0.00538461538461538	0.00024390243902439	0.000769230769230769	0.000327868852459016	0.000714285714285714	0	0.000571428571428571	0.273	0.0003125	0	0	0.00075	0.00928571428571429	0.00947368421052632	0.000833333333333333	0.00164251207729469	0.01	2.20810344827586	0	0.000625	0.00115384615384615	0.0075	0.000909090909090909	0.000476190476190476	0.00114754098360656	0.00285714285714286	0.000588235294117647	0.00127272727272727	0.000277777777777778	5e-04
ENSG00000260314	0	0.103076923076923	0.160731707317073	0.0397435897435898	0.0214754098360656	0.0436904761904762	0.0235294117647059	0.0271428571428571	3.821	0.0184375	0.014	0.0187179487179487	0.05575	0.0075	0.0402631578947368	0.0554166666666667	0.0982608695652174	0.218333333333333	87.9496551724138	0.0025	0.01828125	0.0198076923076923	0.010625	0.0172727272727273	0.0157142857142857	1.65245901639344	0.0361904761904762	0.0129411764705882	0.0630909090909091	0.0880555555555556	0.01575
ENSG00000275385	0.05	0.0276923076923077	0.00463414634146341	0.0207692307692308	0.00327868852459017	0.0101190476190476	2.24235294117647	0.00457142857142857	0.016	0.0384375	0.667	0.00307692307692308	0.00375	0.0178571428571429	0.00289473684210526	0.0025	0.00782608695652174	0.0433333333333333	102.873793103448	0.02	0.02078125	0.00288461538461538	0.0090625	0.00545454545454546	1.9352380952381	0.230983606557377	0.101428571428571	0.0276470588235294	0.00254545454545455	0.00166666666666667	0.00875000000000001
ENSG00000115523	0	0.237692307692308	0.122682926829268	0.0794871794871795	0.0654098360655738	0.0354761904761905	0.141176470588235	0.062	2.67	0.0434375	0.34	0.0374358974358974	0.049	1.0375	0.0686842105263158	0.0429166666666667	0.119613526570048	0.618333333333333	19.1108620689655	406.55	0.05484375	0.0623076923076923	0.1103125	0.0545454545454546	0.132738095238095	0.0963934426229508	17.8709523809524	0.0605882352941177	0.07	0.0677777777777778	0.09625
ENSG00000143185	0	0.0192307692307692	0.0139024390243902	0.0197435897435897	0.00950819672131148	0.0144047619047619	0	0.0165714285714286	0.597	0.05625	0.022	0.0225641025641026	0.069	0.0260714285714286	0.00921052631578947	0.119166666666667	0.0680676328502416	0.0116666666666667	0.178620689655172	35.8925	0.01390625	0.0217307692307692	0.0178125	0.0181818181818182	0.0119047619047619	3.24885245901639	0.766190476190476	0.0370588235294118	0.0883636363636364	0.0505555555555556	0.04425
ENSG00000189430	0	0.0176923076923077	0.000975609756097561	0.0130769230769231	0.0170491803278689	0.0264285714285714	0.0158823529411765	0.0312857142857143	0.296	0.02375	0	0.00435897435897436	0.0075	0.798928571428571	0.005	0.0866666666666667	0.00855072463768116	0.151666666666667	0.309827586206897	21.215	0.01	0.00326923076923077	0.0015625	0.00272727272727273	0.0554761904761905	0.0434426229508197	0.314761904761905	0.0452941176470588	0.00909090909090909	0.0116666666666667	0.06875
ENSG00000198183	0	0.00128205128205128	0.118292682926829	0.0348717948717949	0.193606557377049	0.0148809523809524	0.00411764705882353	0.0174285714285714	0	0.01	0	0	0.0145	0	0.00210526315789474	0.0225	0.426183574879227	0	0.000517241379310345	0	0.05640625	17.8517307692308	0.0146875	0.0327272727272727	0.00511904761904762	0.0467213114754098	0	0	0.0594545454545455	0.148888888888889	0.0025
ENSG00000102195	0.05	0.0148717948717949	0.00878048780487805	0.214358974358974	0.0654098360655738	0.0164285714285714	0.181764705882353	0.251	0.003	0.348125	0.001	0.00230769230769231	0.03975	0	0.0118421052631579	0.250833333333333	0.464347826086957	0	0	0	0.0365625	0.00961538461538462	23.148125	0.00727272727272727	0.0179761904761905	0.0175409836065574	0	0.00529411764705882	0.277090909090909	0.00916666666666667	0.02475
ENSG00000109132	0.01	0.000256410256410256	0.00317073170731707	0.00846153846153847	0.00819672131147541	0.0265476190476191	0.00294117647058824	0.00585714285714286	0.006	0.0053125	0.015	0.0148717948717949	0.01675	0	0.0105263157894737	0.0104166666666667	1.52285024154589	0.0183333333333333	0	0	0.024375	0.00576923076923077	139.5146875	0.00272727272727273	0.00738095238095238	0.0119672131147541	0	0.00529411764705882	0.0118181818181818	0.00416666666666667	0.013
ENSG00000109991	0.1	0.00153846153846154	0.0636585365853659	0.0802564102564103	0.00901639344262296	0.0698809523809524	0.0123529411764706	0.00828571428571429	0	0.0140625	0.018	0.00564102564102565	0.05325	0	0.142105263157895	0.0358333333333333	0.581690821256039	0.045	0.00189655172413793	0	0.12984375	0.00730769230769231	28.954375	0.0172727272727273	0.0154761904761905	0.0349180327868852	0.000952380952380952	0.0247058823529412	0.331090909090909	0.0227777777777778	0.03925
ENSG00000113196	0	0.000769230769230769	0.0265853658536585	0.554615384615385	0.183114754098361	0.078452380952381	0.0476470588235294	1.07957142857143	0.001	0.1753125	0.551	0.061025641025641	0.2485	0	0.122368421052632	0.109166666666667	0.226763285024155	0	0.00103448275862069	0	0.18109375	0.0746153846153846	62.2334375	0.03	0.0252380952380952	0.662950819672131	0	0.0505882352941176	0.0681818181818182	0.191388888888889	0.36
ENSG00000115297	0.01	0.0505128205128205	0.125365853658537	0.351794871794872	0.359672131147541	1.60988095238095	0.330588235294118	0.316	0.008	0.7171875	3.213	0.0733333333333333	1.16375	0.00892857142857143	0.115789473684211	0.351666666666667	1.35265700483092	0.0783333333333333	0.00431034482758621	0	0.3259375	0.120961538461538	91.5428125	0.291818181818182	0.283928571428571	0.737704918032787	0.0147619047619048	1.33117647058824	0.369090909090909	0.399722222222222	0.84225
ENSG00000123454	0	0.0451282051282051	0.0197560975609756	0.106410256410256	4.20327868852459	0.0740476190476191	0.0447058823529412	0.355428571428571	0.017	0.0384375	0.795	0.106666666666667	0.116	0	0.0610526315789474	0.22375	1.14845410628019	0	0	0	0.0346875	0.0215384615384615	55.633125	0.0109090909090909	0.0253571428571429	0.284918032786885	0.0438095238095238	0.0364705882352941	0.0490909090909091	0.0302777777777778	0.034
ENSG00000147256	0.01	0.00179487179487179	0.0048780487804878	0.0194871794871795	3.45049180327869	0.715	0.00882352941176471	0.006	0	0.029375	0.02	0.00512820512820513	0.00975	0	0.0068421052631579	0.0125	0.168550724637681	0.01	0	0	0.02796875	0.0051923076923077	127.0253125	0.0163636363636364	0.0613095238095238	0.503606557377049	0	0.00823529411764706	0.00963636363636364	0.00444444444444444	0.38675
ENSG00000162374	0.31	0.0487179487179487	0.0114634146341463	2.27076923076923	0.112295081967213	0.144761904761905	1.15117647058824	0.477857142857143	0.047	0.00375	0.499	0.0094871794871795	0.46075	0.00285714285714286	0.0263157894736842	0.0354166666666667	8.31816425120773	0.425	0.0944827586206897	0	0.1328125	0.611346153846154	144.6603125	0.0354545454545455	0.0738095238095238	0.0226229508196721	0.00428571428571429	0.278823529411765	0.0247272727272727	0.0127777777777778	0.01625
ENSG00000164107	0.16	0.000256410256410256	0.0368292682926829	17.8815384615385	0.443770491803279	1.25940476190476	0.00588235294117647	0.0805714285714286	0.009	0.265	2.642	4.40666666666667	0.166	0.000714285714285714	0.0992105263157895	0.52875	2.73188405797101	0.2	0.000344827586206897	0	1.17140625	0.107884615384615	372.8278125	0.0109090909090909	1.54464285714286	12.0765573770492	0	0.248235294117647	0.116545454545455	0.0952777777777778	0.59875
ENSG00000165462	0	0.00307692307692308	0.018780487804878	0.0956410256410257	0.0231147540983607	0.0580952380952381	0.0347058823529412	0.0147142857142857	0.001	0.0315625	0.077	0.0282051282051282	0.0405	0.00321428571428571	0.0365789473684211	0.0266666666666667	0.130338164251208	0	0.0144827586206897	0	0.57578125	0.0255769230769231	238.65625	0.0318181818181818	0.0667857142857143	0.0244262295081967	0	0.0247058823529412	0.046	0.00916666666666667	0.07
ENSG00000185149	0.02	0.00153846153846154	0.0590243902439024	0.0297435897435897	0.00655737704918033	0.178571428571429	0	0.000714285714285714	0.004	0.000625	0.012	0.0105128205128205	0.02125	0	0.0068421052631579	0.0108333333333333	0.00859903381642512	0.111666666666667	0.000344827586206897	0	0.01015625	0.00115384615384615	4.701875	0.195454545454545	0.0147619047619048	0.00311475409836066	0	0.00411764705882353	0.00218181818181818	0.000833333333333333	0.0265
ENSG00000233670	0	0.000769230769230769	0.0024390243902439	0.00307692307692308	0.00360655737704918	0.00690476190476191	0	0.014	0.005	0.005625	0.001	0.00102564102564103	0.01025	0	0.000789473684210526	0.00375	0.0623671497584541	0.00166666666666667	0.000344827586206897	0	0.000625	0.000769230769230769	2.296875	0.000909090909090909	0.00630952380952381	0.00508196721311476	0	0	0.000727272727272727	0.00138888888888889	0.0015
ENSG00000120903	0	0.0279487179487179	0.0024390243902439	0.011025641025641	0.0557377049180328	0.00297619047619048	0.00529411764705882	0.0168571428571429	0.007	0.0078125	0.09	0.00666666666666667	0.02675	0.0135714285714286	0.00526315789473684	0.0254166666666667	0.0667149758454106	0.133333333333333	0.0272413793103448	0.0075	0.00859375	0.0184615384615385	0.1034375	14.6245454545455	0.00595238095238095	0.0139344262295082	0.00333333333333333	0.192352941176471	0.0123636363636364	0.00916666666666667	0.014
ENSG00000142515	0	0.00794871794871795	0.0695121951219512	0.0228205128205128	1.04885245901639	0.20797619047619	0.0158823529411765	1.23614285714286	0.014	0.096875	0	0.00615384615384615	0.6845	0	0.0502631578947368	0.0558333333333333	0.187584541062802	0.101666666666667	0.000172413793103448	0	0.09171875	0.608846153846154	0.4096875	1662.80545454545	0.0466666666666667	0.0624590163934426	0	0.00470588235294118	0.00981818181818182	0.0697222222222222	0.0885
ENSG00000143536	0	0.0217948717948718	0.0795121951219512	0.00923076923076924	0.00639344262295082	1.1147619047619	0.00294117647058824	0.00785714285714286	0.004	0.0465625	0.017	0.0041025641025641	0.00925	0	0.0110526315789474	0.00291666666666667	0.00922705314009662	0.0283333333333333	0	0	0.105	0.2025	0.000625	14.7072727272727	0.00547619047619048	0.00360655737704918	0	0.0170588235294118	0.608363636363636	0.0208333333333333	0.238
ENSG00000167751	0.01	0.184871794871795	0.0773170731707317	0.237435897435897	0.182131147540984	0.285	0.110588235294118	0.199714285714286	0.008	0.1696875	0.04	0.0161538461538462	0.60525	0	0.0244736842105263	0.255416666666667	0.437536231884058	0.04	0.0389655172413793	0.01	0.1128125	0.128076923076923	0.3428125	1069.21727272727	0.64	0.0595081967213115	0.000476190476190476	0.0858823529411765	0.151818181818182	0.06	0.475
ENSG00000186458	0	0.000512820512820513	0.00024390243902439	0.0174358974358974	0.106229508196721	0.000595238095238095	0	0.00342857142857143	0.007	0.0003125	0	0	0.0065	0	0	0.0120833333333333	0.000386473429951691	0.313333333333333	0	0	0.00046875	0	0.0471875	3.56909090909091	0.000119047619047619	0.000491803278688525	0	0	0.000545454545454545	0.000277777777777778	0.00075
ENSG00000186526	0.03	0.00615384615384615	0.396829268292683	0.00717948717948718	5.05590163934426	0.0180952380952381	0.00529411764705883	0.488285714285714	0.006	0.3215625	0	0.00230769230769231	0.21325	0.005	0.0226315789473684	0.0333333333333333	0.0688888888888889	0.0133333333333333	0.00327586206896552	0	0.12265625	0.0738461538461539	0.033125	48.2863636363636	0.005	0.00213114754098361	0	0.0147058823529412	0.470545454545455	0.984444444444444	0.017
ENSG00000203859	0	0.0041025641025641	0.0207317073170732	0.0105128205128205	0.00868852459016394	0.00761904761904762	0.00823529411764706	0.016	0.012	0.013125	0	0.000769230769230769	0.01375	0	0.0176315789473684	0.0241666666666667	0.0100966183574879	0.025	0.0163793103448276	0	0.05765625	0.00961538461538462	0.011875	0.08	5.22559523809524	0.00819672131147541	0.00142857142857143	0.0152941176470588	0.00927272727272728	0.0461111111111111	0.00700000000000001
ENSG00000034971	0.01	0.00282051282051282	0.00926829268292683	0.432820512820513	0.00573770491803279	0.177857142857143	0.00352941176470589	0.00757142857142857	0.003	0.0075	0.024	0.242564102564103	0.00525	0.000714285714285714	1.19973684210526	0.0491666666666667	0.0133333333333333	0.00333333333333333	0.000344827586206897	0	1.5340625	0.00807692307692308	0.0071875	0.00363636363636364	0.153809523809524	56.314262295082	0	0.0105882352941177	0.008	0.0025	0.09375
ENSG00000111049	0	0.00179487179487179	0	0.00384615384615385	0.000983606557377049	0.0447619047619048	0.00117647058823529	0.000142857142857143	0.003	0	0	0.00923076923076923	5e-04	0	0	0.0025	0.487294685990338	0	0	0	0.00140625	0.000961538461538461	0	0	0.000357142857142857	14.1262295081967	0	0.000588235294117647	0.00109090909090909	0	0.001
ENSG00000122180	0	0	0.00585365853658537	0.00897435897435898	0.00655737704918033	0.368571428571429	0.0135294117647059	0.00442857142857143	0.001	0.0034375	0.911	0.00256410256410256	0.00775	0	0.0305263157894737	0.00458333333333333	0.128743961352657	0	0	0	0.01453125	0.0109615384615385	0.3459375	0.00272727272727273	0.00238095238095238	72.7852459016394	0	0.00294117647058824	0.00654545454545455	0.0155555555555556	0.329
ENSG00000129152	0	0.000512820512820513	0.0075609756097561	0.0974358974358974	0.00295081967213115	0.569047619047619	0.00117647058823529	0.00185714285714286	0.001	0.000625	0.101	0.0328205128205128	0.015	0	0.00578947368421053	0.0316666666666667	0.285410628019324	0.015	0.00120689655172414	0	0.01359375	0.00288461538461538	0.1765625	0.0218181818181818	0.0105952380952381	28.5891803278689	0	0.0205882352941177	0.0205454545454546	0.005	0.05325
ENSG00000133020	0.01	0.000769230769230769	0.00560975609756098	0.031025641025641	0.000983606557377049	0.0153571428571429	0.000588235294117647	0.00985714285714286	0.002	0.000625	0.001	0.00666666666666667	0.007	0	0.00710526315789474	0.0295833333333333	0.0486473429951691	0.00833333333333333	0	0	0.00265625	0.000384615384615385	0.004375	0	0.00880952380952382	3.22245901639344	0	0.0194117647058824	0.0343636363636364	0.00166666666666667	0.00175
ENSG00000135902	0.04	0.00717948717948718	0.0182926829268293	0.0215384615384615	0.212459016393443	0.401904761904762	0.0158823529411765	0.161285714285714	0.005	0.0309375	0.504	0.00333333333333334	0.14775	0.00107142857142857	0.00973684210526316	0.0216666666666667	0.134106280193237	0.005	0.000862068965517241	0	0.01578125	0.0146153846153846	1.1828125	0.00636363636363636	0.0169047619047619	30.0852459016393	0.000476190476190476	0.00647058823529412	0.124909090909091	0.00583333333333333	0.03425
ENSG00000138379	0.01	0.0376923076923077	0.0585365853658537	0.15025641025641	0.0916393442622951	1.49761904761905	0.0123529411764706	0.089	0.005	0.045625	1.315	0.333589743589744	0.0665	0.00142857142857143	0.256842105263158	0.04375	1.10468599033816	0.00166666666666667	0.0153448275862069	0.0025	0.055625	0.0475	0.11125	0.0672727272727273	0.153928571428571	33.944262295082	0.0185714285714286	0.09	0.0396363636363636	0.0230555555555556	0.116
ENSG00000159173	0.15	0.00871794871794872	0.517317073170732	0.13	0.333114754098361	0.98952380952381	0.13	0.672142857142857	0.008	0.308125	0.177	0.02	0.55925	0.00142857142857143	0.465	0.41625	0.740144927536232	0.103333333333333	0.0381034482758621	0	1.1475	0.418846153846154	2.4153125	0.525454545454546	0.155595238095238	108.119836065574	0	0.147058823529412	0.291818181818182	0.285555555555556	1.75
ENSG00000167916	0	0.00153846153846154	0.011219512195122	0.0138461538461538	0.180819672131148	0.000714285714285714	0.0452941176470588	0.00157142857142857	0.002	0.1046875	0	0.00102564102564103	0.0415	0	0.00184210526315789	0.00416666666666667	0.041207729468599	0.0133333333333333	0	0	0.14109375	0.0334615384615385	0.0009375	0.0381818181818182	0.0180952380952381	30.4668852459017	0	0.00235294117647059	0.562727272727273	0.216388888888889	0.0815
ENSG00000168530	0.02	0.0274358974358974	0.0117073170731707	0.693589743589744	0.00967213114754099	1.21761904761905	0.0164705882352941	0.00257142857142857	0	0.030625	0.138	0.0302564102564103	0.00775	0.000357142857142857	0.0257894736842105	0.0275	0.0454106280193237	0	0	0	0.016875	0.0292307692307692	0.085	0.00909090909090909	0.0914285714285714	47.6849180327869	0	0.00294117647058824	0.0483636363636364	0.00722222222222222	0.024
ENSG00000173908	0	0.00128205128205128	0.00439024390243902	0.0184615384615385	0.0109836065573771	0.00392857142857143	0.0111764705882353	0.00285714285714286	0.003	0.00125	0	0	0.0015	0	0.00578947368421053	0.000833333333333333	0.0226086956521739	0.0116666666666667	0	0	0.00578125	0.000961538461538461	0.008125	0.00272727272727273	0.000476190476190476	17.9350819672131	0	0	0.004	0.00111111111111111	0.00125
ENSG00000174429	0	0.0146153846153846	0.015609756097561	0.0112820512820513	0.0232786885245902	0.0121428571428571	0.00470588235294118	0.0285714285714286	0.015	0.0115625	0.002	0.0274358974358974	0.024	0.00178571428571429	0.0371052631578948	0.0316666666666667	0.0153140096618358	0.19	0.00775862068965517	0	0.02	0.0211538461538462	0.0053125	0.0154545454545455	0.00976190476190476	4.98311475409836	0.000476190476190476	0.00529411764705882	0.0127272727272727	0.00916666666666667	0.0215
ENSG00000180772	0	0.000256410256410256	0.00853658536585366	0.00205128205128205	0.00245901639344262	0.00214285714285714	0.00235294117647059	0.00257142857142857	0.001	0.0053125	0	0	0.006	0	0.000526315789473684	0.0541666666666667	0.00628019323671498	0	0	0	0.0021875	0.00307692307692308	0.0090625	0	0.00642857142857143	1.88672131147541	0	0.00117647058823529	0.00418181818181818	0.00916666666666667	0.00175
ENSG00000187616	0	0.00384615384615385	0.00341463414634146	0.00974358974358975	0.000491803278688525	0.0395238095238095	0	0.0157142857142857	0.001	0.0009375	0.011	0	0.0145	0	0	0.0120833333333333	0.0167632850241546	0	0	0	0.00921875	0.000576923076923077	0.00812500000000001	0	0.00238095238095238	5.64704918032787	0	0	0.00163636363636364	0	0
ENSG00000204897	0	0.00564102564102564	0.00048780487804878	0.615128205128205	0.00688524590163935	0.00226190476190476	0	0.000571428571428571	0.003	0	0	0.000769230769230769	5e-04	0	0.0494736842105263	0.000416666666666667	0.00198067632850242	0	0	0	0.0996875	0.000384615384615385	0.0103125	0.000909090909090909	0.00154761904761905	9.33967213114754	0	0.00352941176470588	0.00872727272727273	0.00305555555555556	0.03775
ENSG00000205678	0.01	0.000256410256410256	0.00170731707317073	0.00102564102564103	0.00114754098360656	0.0495238095238095	0.00882352941176472	0.00114285714285714	0.07	0.0321875	0.053	0.00282051282051282	0.01475	0	0.0655263157894737	0.00291666666666667	0.102270531400966	0.22	0.000344827586206897	0	0.12078125	0.000576923076923077	0.0034375	0	0.00154761904761905	8.29065573770492	0	0.00117647058823529	0.00945454545454546	0.00638888888888889	0.00575
ENSG00000113088	0	0.0664102564102564	0.00024390243902439	0.0169230769230769	0.00245901639344262	0.00583333333333333	0.000588235294117647	0.000857142857142857	0.142	0	0	0.158205128205128	0.001	0.0828571428571429	0	0.0195833333333333	0.00207729468599034	0.126666666666667	0.122068965517241	0.745	0.00234375	0.00134615384615385	0	0	0	0.0129508196721311	13.8752380952381	0.00117647058823529	0.00581818181818182	0	0.00925
ENSG00000163519	0.01	0.490769230769231	0.00341463414634146	0.00948717948717949	0.00377049180327869	0.0122619047619048	0	0.0124285714285714	0.663	0.0065625	0	0.00435897435897436	0.01275	0.111428571428571	0.00710526315789474	0.00458333333333333	0.0801449275362319	0.35	1.04931034482759	0.3375	0.00296875	0.00615384615384616	0.0146875	0.00181818181818182	0.00464285714285715	0.00475409836065574	31.0242857142857	0.00352941176470588	0.0141818181818182	0.0363888888888889	0.035
ENSG00000172673	0.0800000000000001	0.017948717948718	0.00439024390243902	0.0505128205128205	0.0804918032786885	0.00833333333333333	0.00176470588235294	0.0125714285714286	0.288	0.00937500000000001	0	0.0712820512820513	0.00825	0.0792857142857143	0.00552631578947368	0.00708333333333333	0.0746859903381643	0.485	0.0696551724137931	0.0375	0.0065625	0.0075	0.0140625	0.00363636363636364	0.00607142857142857	0.0562295081967213	14.9052380952381	0.00941176470588236	0.114909090909091	0.00777777777777778	0.006
ENSG00000125861	0	0.00230769230769231	0	0.00282051282051282	0.00180327868852459	0.000833333333333333	0.000588235294117647	0.00271428571428572	0.007	0.001875	0.001	0	5e-04	0	0.000789473684210526	0.000833333333333333	0.00927536231884058	0	0.000172413793103448	0	0.00140625	0.000769230769230769	0.00125	0.0190909090909091	0.00166666666666667	0.000819672131147541	0	4.16529411764706	0.000727272727272727	0.00166666666666667	0.00475000000000001
ENSG00000178602	0	0	0.0424390243902439	0.0174358974358974	0.019672131147541	0.132261904761905	0.100588235294118	0.0128571428571429	0	0.07125	0.002	0.135641025641026	0.00800000000000001	0.000714285714285714	0.0621052631578947	0.0129166666666667	0.15304347826087	0	0.000689655172413793	0	0.034375	0.00596153846153847	0.0275	0.0418181818181818	0.0322619047619048	0.0316393442622951	0	9.66294117647059	0.0290909090909091	0.0252777777777778	0.055
ENSG00000136488	0	0.00717948717948718	0.00682926829268293	0.00128205128205128	0.00852459016393443	0.0171428571428571	0.00647058823529412	0.0128571428571429	0.051	0.0084375	0	0.00102564102564103	0.00675	0.01	0.0194736842105263	0.03125	0.0151207729468599	0.00666666666666667	0.00103448275862069	0	0.10859375	0.005	0.0053125	0.00727272727272728	0.015	0.0124590163934426	0	0.0747058823529412	0.00981818181818182	0.00638888888888889	5.33975
ENSG00000142511	0.01	0.00282051282051282	0.0048780487804878	0.0161538461538462	0.00524590163934426	0.00523809523809524	0.00529411764705882	0.0125714285714286	0.006	0.0121875	0.003	0.000769230769230769	0.0105	0	0.0110526315789474	0.00541666666666667	0.016280193236715	0	0	0	0.00890625	0.0076923076923077	0.005625	0.00545454545454545	0.00440476190476191	0.00508196721311476	0	0.0117647058823529	0.00600000000000001	0.00277777777777778	1.172
ENSG00000164871	0	0.000769230769230769	0.00219512195121951	0.00102564102564103	0.000491803278688525	0.00130952380952381	0	0.00214285714285715	0.005	0.0009375	0	0.000256410256410256	0.00425	0	0	0.00541666666666667	0.240338164251208	0.133333333333333	0.000689655172413793	0	0.004375	0.00653846153846154	0.005	0	0.0019047619047619	0	0	0.00235294117647059	0.00381818181818182	0.00305555555555556	9.65825
ENSG00000178287	0	0.00205128205128205	0.00195121951219512	0.00923076923076923	0.00409836065573771	0.00142857142857143	0	0.00471428571428572	0.025	0	0.00600000000000001	0.00333333333333333	0.0015	0	0.00131578947368421	0	0.069951690821256	0.251666666666667	0	0	0.00421875	0.00480769230769231	0.0021875	0	0.0019047619047619	0.01	0	0.00235294117647059	0.00945454545454546	0.0075	4.81775
