B cell	Colon	Erythrocytes	Granulocytes	Megakaryocytes	Monocytes	NK cell	Stomach	T cell
ENSG00000100721	57.6128205128205	0.569872204107831	2.423	0.158214285714286	0.21	0.505344827586207	0.0175	0.0927281364902507	0.0152380952380952
ENSG00000107447	9.34666666666667	0.00693872913992298	0.25	0.0489285714285714	0.236666666666667	0.0418965517241379	0	0.00639044568245125	0.050952380952381
ENSG00000111291	26.9151282051282	0.766667586649551	0.178	0.00178571428571429	0.893333333333333	0.0237931034482759	0	1.06341467966574	0.0333333333333333
ENSG00000117322	26.9066666666667	0.686380807445443	0.322	0.0257142857142857	0.015	0.0746551724137931	0	0.245683309192201	0.611428571428571
ENSG00000127074	28.5569230769231	0.457919662387677	0.559	0.0157142857142857	0.166666666666667	0.849655172413793	0.0275	0.450368969359331	0.0142857142857143
ENSG00000128218	54.8882051282051	2.42865408215661	0.876	0.0535714285714286	0.171666666666667	0.0491379310344828	0.0025	1.03441339832869	0.0133333333333333
ENSG00000132185	55.8779487179487	0.704113065468549	1.178	0.0667857142857143	0.0233333333333333	0.927241379310345	0.015	0.358724467966574	0.00333333333333333
ENSG00000143297	40.0912820512821	1.89171101540436	0.412	0.0292857142857143	0.015	0.0336206896551724	0.0075	1.04378078830084	0.0161904761904762
ENSG00000166603	5.78692307692308	0.059814082156611	0.001	0	0	0.000344827586206897	0	0.0880208635097493	0
ENSG00000170054	9.39974358974359	0.044501512195122	0.002	0	0	0.0231034482758621	0	0.0106986768802228	0
ENSG00000170476	637.3	27.0174032092426	4.132	0.282857142857143	0.23	1.62068965517241	0.15	18.6102168245125	0.515238095238095
ENSG00000196092	19.5097435897436	0.298924736842105	1.188	0.0432142857142857	0.0883333333333333	0.0589655172413793	0.0075	0.125893490250696	0.0019047619047619
ENSG00000207830	513.764102564103	0	0	0	0	0	0	0	0
ENSG00000207832	9.26487179487179	0	0	0	0	0	0	0	0
ENSG00000207833	208.805897435897	0	0	0	0	0	0	0	0
ENSG00000207834	674.805641025641	0	0	0	0	0	0	0	0
ENSG00000207835	100.009230769231	0	0	0	0	0	0	0	0
ENSG00000207836	240.122051282051	0	0	0	0	0	0	0	0
ENSG00000210127	1525.53205128205	3.7375702182285	0	0	0	6.68672413793103	0	8.8064069637883	0
ENSG00000210135	899.757948717949	3.15612605905006	0	0	0	15.5062068965517	0	4.22806685236769	0
ENSG00000210140	1149.32794871795	6.76022503209243	0	0	0	53.5986206896552	0	7.6420504178273	0
ENSG00000210144	886.931282051282	28.9233044929397	0	0	0	21.8112068965517	0	27.0652799442897	0
ENSG00000211653	4517.96820512821	174.792523350449	0.89	0.262857142857143	0	0.435	0	150.034463036212	0.246666666666667
ENSG00000211662	5246.56358974359	87.9986674197689	0.807	0.216785714285714	0.015	0.215172413793103	0.005	85.0609693871866	0.105714285714286
ENSG00000211670	871.631538461538	18.061657406932	0.203	0.0317857142857143	0	0.0393103448275862	0.215	17.2934925626741	0.256666666666667
ENSG00000211679	16656.0553846154	382.21440296534	12.027	1.7575	0.015	5.02862068965517	0.025	304.588650417827	7.11761904761905
ENSG00000211892	3124.94435897436	28.94666478819	0.005	0.397857142857143	0	0.285	0	18.4126146239554	0.588095238095238
ENSG00000211893	5419.98794871795	111.87466758665	0.05	1.06035714285714	0.00333333333333333	1.11465517241379	0.0025	71.282085264624	2.98238095238095
ENSG00000211896	34180.5925641026	84.9862289088575	0.362	3.97071428571429	0	1.21034482758621	0.0025	195.993270194986	2.00857142857143
ENSG00000211897	5539.46282051282	30.8333114762516	0.058	0.426785714285714	0	0.364310344827586	0.0025	79.7642044568245	0.233333333333333
ENSG00000211898	347.630769230769	3.28059676508344	5.656	0.168928571428571	0.00166666666666667	0.0996551724137931	0.0175	28.2678929805014	0.181904761904762
ENSG00000211947	4762.86179487179	100.550382143774	1.641	0.19	0	0.0524137931034483	0.005	60.9083794707521	0.12
ENSG00000211949	3955.51666666667	232.346297342747	4.894	0.4225	0.0133333333333333	0.180689655172414	0.025	140.06997005571	0.484285714285714
ENSG00000211973	363.532564102564	14.8966744544288	0.451	0.0839285714285714	0	0.0318965517241379	0.01	11.6955206406685	0.0133333333333333
ENSG00000224373	1347.53641025641	93.9301617715019	1.794	0.176428571428571	0	0.0674137931034483	0	48.8400947075209	0.144761904761905
ENSG00000224585	72.1184615384615	1.078573042362	0	0	0	0	0	0.424541504178273	0
ENSG00000224650	1574.28564102564	62.1306867907574	0.306	0.0710714285714286	0.0216666666666667	0.0489655172413793	0.005	26.7093883008357	0.0904761904761905
ENSG00000227063	48.1338461538462	1.14430295250321	0	0	0	0	0	0.816753203342618	0
ENSG00000231292	29.4692307692308	1.9321780872914	0	0.00107142857142857	0	0	0	1.15676403899721	0
ENSG00000232613	10.5361538461538	0.569829358151476	0.14	0.00571428571428571	0.055	0.0370689655172414	0.0075	0.216250947075209	0.00666666666666667
ENSG00000233999	36.8507692307692	1.47787168164313	0.029	0.005	0.196666666666667	0.0108620689655172	0	0.821895515320334	0.02
ENSG00000239390	11.4351282051282	0.000460744544287548	0.013	0	0	0.041551724137931	0	0.00114763231197772	0
ENSG00000239951	12243.7369230769	522.302944480103	4.714	1.22142857142857	0	0.584827586206897	0.04	291.464405013928	1.19714285714286
ENSG00000240864	3147.63358974359	61.7098353915276	0.344	0.155714285714286	0	0.0746551724137931	0.0025	31.921201810585	0.146666666666667
ENSG00000241351	6393.13923076923	253.570358523748	3.586	1.07964285714286	0	2.05465517241379	0.015	150.098618356546	0.983333333333333
ENSG00000242076	1315.66692307692	32.9681353786906	1.472	0.478571428571429	0.00833333333333333	0.0912068965517241	0.005	28.4267580222841	0.199047619047619
ENSG00000242534	219.957435897436	2.78072913992298	0.25	0.0389285714285714	0	0.160862068965517	0.0075	1.46353590529248	0.0123809523809524
ENSG00000243290	3620.82128205128	47.1453764184852	0.113	0.0632142857142857	0	0.00258620689655172	0	33.6949629805014	0.0519047619047619
ENSG00000243466	5607.59512820513	274.125844249037	1.112	0.526428571428571	0	0.346724137931034	0.01	153.656757938719	0.417142857142857
ENSG00000251039	75.4258974358974	3.91627340179718	0.005	0.0114285714285714	0	0.0575862068965517	0	4.10207894150418	0
ENSG00000251546	1470.95282051282	11.1383069833119	3.755	0.956785714285714	0	0.29948275862069	0.005	6.23422487465181	0.747619047619048
ENSG00000253364	45.8764102564103	0.272950308087291	0.014	0.0267857142857143	0	0.181551724137931	0	0.124902590529248	0
ENSG00000253545	110.788717948718	1.00751724005135	0.006	0	0	0	0	0.613510919220056	0.000476190476190476
ENSG00000253701	111.260256410256	3.9771248267009	0.04	0.0225	0	0.0731034482758621	0	3.47390805013928	0.0795238095238095
ENSG00000253755	920.231794871795	7.45768003851091	0.004	0.0103571428571429	0.0283333333333333	0.056551724137931	0	9.63494175487465	0.0242857142857143
ENSG00000254709	872.552051282051	0	0.927	0.208571428571429	0	0.416379310344828	0.0025	0	0.302380952380952
ENSG00000256393	30.1617948717949	0.230817586649551	0	0	0	1.93603448275862	0	0.158591364902507	0
ENSG00000259040	363.760769230769	0	12.112	1.6375	8.46333333333333	5.49568965517241	0.7375	0	1.51809523809524
ENSG00000259490	21.3674358974359	0.383163337612324	0	0	0	0	0	0.243723899721448	0
ENSG00000262831	18.17	0	0.276	0.116785714285714	0.333333333333333	0.957586206896552	0.24	0	0.0747619047619048
ENSG00000263751	7.42307692307692	0	0	0	0	0	0	0	0
ENSG00000264281	30.1617948717949	0.337631578947368	0	0	0	1.93603448275862	0	0.273111142061281	0
ENSG00000264629	56.0592307692308	0	0	0	0	0	0	0	0
ENSG00000264781	15.4953846153846	0.13070243902439	0	0	0	0	0	0.137178272980501	0
ENSG00000265438	12.0989743589744	0	0	0	0	0	0	0	0
ENSG00000265517	14.7007692307692	0	0	0	0	0	0	0	0
ENSG00000265612	8.48051282051282	0.0364699614890886	0	0	0	0	0	0.0221270194986072	0
ENSG00000265714	11.3489743589744	0	0	0	0	0	0	0	0
ENSG00000266706	14.7007692307692	0	0	0	0	0	0	0	0
ENSG00000269888	30.43	0	0.46	0.0907142857142857	0.105	0.0796551724137931	0.08	0	0.0895238095238095
ENSG00000270472	47.434358974359	1.55188577663671	0.014	0.0025	0	0.00620689655172414	0	0.823440863509749	0
ENSG00000270550	2673.6058974359	97.9601701797176	2.858	0.328928571428571	0	0.178793103448276	0.01	91.7741106406685	0.374285714285714
ENSG00000271130	94.3941025641026	1.44147412066752	0	0	0	0	0	0.74436208913649	0
ENSG00000274072	9.42333333333333	0	0	0	0	0	0	0	0
ENSG00000274172	12.9179487179487	0.043498973042362	0	0	0	0	0	0.00163231197771588	0
ENSG00000274576	261.790769230769	12.0522792554557	0.304	0.04	0	0.00637931034482759	0	14.7083936211699	0.0219047619047619
ENSG00000276566	147.684615384615	7.93450568677792	0.039	0.0110714285714286	0	0.0417241379310345	0	5.04372362116992	0.0866666666666667
ENSG00000276775	912.376923076923	48.6349650449294	0.762	0.03	0	0.0305172413793103	0	23.2458277437326	0.0347619047619048
ENSG00000277030	12.9179487179487	0.00862785622593068	0	0	0	0	0	0	0
ENSG00000278263	32.6717948717949	1.46616924261874	0.003	0.00107142857142857	0	0.00810344827586207	0	0.854282451253482	0.00142857142857143
ENSG00000279893	10.1974358974359	0	0.006	0	0	0.00689655172413793	0	0	0
ENSG00000281179	35.1869230769231	0.0958523363286264	0.092	0.0342857142857143	0	0.0344827586206897	0.8175	0.0416959052924791	2.18904761904762
ENSG00000002726	0.0928205128205128	43.9487518523748	0.032	1.31142857142857	0.035	1.23551724137931	0	0.800710612813371	0.00285714285714286
ENSG00000005073	0.00128205128205128	40.1601514762516	0.004	0	0.03	0.000517241379310345	0	0.0980883844011142	0.00142857142857143
ENSG00000007216	0.00743589743589744	5.92679255712452	0	0	0.00166666666666667	0	0	0.0594390139275766	0
ENSG00000007306	0.00256410256410256	201.169192323492	0.002	0.00464285714285714	0	0	0	0.300743181058496	0
ENSG00000007952	0.0517948717948718	16.312891283697	0.006	0	0.0216666666666667	0.00189655172413793	0	0.178475013927577	0.00428571428571429
ENSG00000016490	0.00128205128205128	146.903047702182	0.001	0	0.015	0.000172413793103448	0	0.131497192200557	0
ENSG00000016602	0.0376923076923077	141.556122894737	0.001	0	0.005	0.00137931034482759	0	0.874218467966574	0.000952380952380952
ENSG00000039987	0.00974358974358974	24.3020021861361	0.003	0.000357142857142857	0.133333333333333	0.00896551724137931	0	0.0386545877437326	0
ENSG00000070019	0.0238461538461538	12.7130764056483	0.031	0.00571428571428571	0.065	0.00620689655172414	0	0.148328844011142	0.0019047619047619
ENSG00000071203	0.00282051282051282	58.0223029011553	0.022	0	0.0416666666666667	0.00206896551724138	0	0.0297129526462396	0
ENSG00000079112	0.0271794871794872	85.0965994608472	0.003	0.00107142857142857	0.015	0.0262068965517241	0	0.25596651810585	0
ENSG00000091138	0.000256410256410256	298.049873016688	0.017	0.000714285714285714	0.015	0.00103448275862069	0	0.643996128133705	0
ENSG00000095110	0.18051282051282	27.7942712130937	0.012	0.000357142857142857	0.0383333333333333	0.00120689655172414	0	0.0298470389972145	0
ENSG00000099617	0.00102564102564103	6.90123050064185	0.001	0.00178571428571429	0	0.00568965517241379	0	0.0802205849582173	0
ENSG00000099834	0.0643589743589744	75.2147903209243	0.007	0.00892857142857143	0	0.0301724137931034	0	3.52315968523677	0
ENSG00000101188	0.00846153846153846	30.4304263350449	0.018	0.07	0	0.113275862068966	0	0.919303593314763	0.00476190476190476
ENSG00000103375	0.0253846153846154	86.2816309884467	0.025	0.0178571428571429	0.0116666666666667	0.23948275862069	0.0225	0.367843398328691	0.0219047619047619
ENSG00000105388	0.011025641025641	295.842994249037	0.002	0.00178571428571429	0.0166666666666667	0.00844827586206897	0	11.0617888022284	0.000476190476190476
ENSG00000106031	0.000769230769230769	14.4813678202824	0.015	0	0.375	0	0	0.0479160529247911	0
ENSG00000106384	0.00307692307692308	10.2095703594352	0.009	0	0.095	0.00258620689655172	0	0.0278290250696379	0.00333333333333333
ENSG00000110244	0.00153846153846154	10.1598225160462	0	0	0	0.000172413793103448	0	0.355121532033426	0.000476190476190476
ENSG00000112818	0.00153846153846154	33.75317084724	0.006	0.00107142857142857	0.075	0.535172413793103	0	0.128673495821727	0
ENSG00000113196	0.000769230769230769	82.9700618228498	0.001	0	0	0.00103448275862069	0	0.0731697771587744	0
ENSG00000113722	0.000256410256410256	70.4914131193838	0.003	0	0	0.00741379310344828	0	0.0979722841225627	0
ENSG00000114455	0.187435897435897	18.7379299897304	0.03	0.0239285714285714	0.085	0.113793103448276	0.01	1.06789395543175	0.0590476190476191
ENSG00000119919	0.000769230769230769	53.9515743260591	0.07	0.00214285714285714	0.0333333333333333	0.00275862068965517	0	3.14544091922006	0.000952380952380952
ENSG00000124253	0.0348717948717949	50.4145614634146	0.142	0.0171428571428571	0	0	0.0025	1.69661367688022	0
ENSG00000127241	0.0138461538461538	31.6994785622593	0.006	0.000357142857142857	0.235	0.00517241379310345	0	0.980510863509749	0.00238095238095238
ENSG00000127831	0.0905128205128205	45.0184837843389	0.188	0.025	0.295	0.116034482758621	0.01	1.39972373259053	0.00952380952380952
ENSG00000128709	0.00128205128205128	34.3343008985879	0.006	0	0.176666666666667	0	0	0.909241364902507	0.00142857142857143
ENSG00000128710	0	21.0768923363286	0.007	0	0	0	0	0.0587818662952646	0
ENSG00000128714	0.000256410256410256	17.3257112284981	0.002	0.000357142857142857	0.00666666666666667	0	0	0.00663010306406685	0
ENSG00000131096	0.0130769230769231	27.5953393966624	0.002	0	0.00333333333333333	0.0113793103448276	0	0.120682116991643	0.00238095238095238
ENSG00000132437	0.0120512820512821	10.8474846726573	0.02	0	0.0183333333333333	0.00310344827586207	0	0.986233955431755	0.00571428571428571
ENSG00000135220	0	18.2209779075738	0.003	0.0025	0.025	0.00293103448275862	0	0.471823119777159	0
ENSG00000135702	0.02	10.7251412708601	0.008	0.00285714285714286	0.0283333333333333	0.00482758620689655	0	0.886639665738162	0.0019047619047619
ENSG00000137251	0.000512820512820513	5.13345975481386	0.027	0	0.06	0.000344827586206897	0	0.00520194986072423	0
ENSG00000137634	1.37948717948718	55.3734225673941	0.004	0.000357142857142857	0.0116666666666667	0	0	0.130866323119777	0
ENSG00000139540	0.038974358974359	40.7295894480103	0.014	0.0317857142857143	0.0366666666666667	0.121206896551724	0.0475	0.406756768802228	0.0204761904761905
ENSG00000142959	0.0692307692307692	24.1940346084724	0.011	0.0192857142857143	0.0533333333333333	0.0270689655172414	0.025	0.332503203342618	0.0695238095238095
ENSG00000143167	0.0725641025641026	74.5681052618742	0.154	0.0142857142857143	0.0266666666666667	0.445689655172414	0.315	0.187794373259053	2.31809523809524
ENSG00000144852	0.0848717948717949	7.85226667522465	0.044	0.0582142857142857	0.0533333333333333	0.0177586206896552	0.02	0.216494902506964	0.0476190476190476
ENSG00000145384	0.0058974358974359	8.96551139922978	0.03	0.0617857142857143	0.0633333333333333	0.00431034482758621	0	0.0413323676880223	0.0142857142857143
ENSG00000146039	0.000769230769230769	7.74169728112965	0.04	0	0.383333333333333	0	0	0.0188397632311978	0
ENSG00000148357	0.032051282051282	28.5674672657253	0.031	0.00107142857142857	0.0466666666666667	0.00362068965517241	0	3.02275877437326	0
ENSG00000156006	0	5.05670083440308	0.004	0.00142857142857143	0.0333333333333333	0.021551724137931	0	0.0632557938718663	0.000952380952380952
ENSG00000156284	0.0017948717948718	9.35235635430038	0.01	0	0.03	0	0	0.0196501114206128	0
ENSG00000156413	0.058974358974359	6.24000576508344	0.017	0.025	0.12	0.0210344827586207	0	0.152024208913649	0.00619047619047619
ENSG00000159182	0	13.6676299486521	0	0	0	0	0	0.0142814206128134	0.00238095238095238
ENSG00000163515	0.00897435897435898	17.3582067008986	0	0	0	0.00172413793103448	0	0.0804635376044568	0.00380952380952381
ENSG00000163586	0.00230769230769231	382.673596649551	0.132	0.0121428571428571	0.0733333333333333	0.00189655172413793	0	0.446509493036212	0.000476190476190476
ENSG00000164694	0.175897435897436	17.3397376379974	0.001	0	0.0283333333333333	0.0289655172413793	0	0.761208857938719	0
ENSG00000164816	0.0017948717948718	30.7128144415918	0.004	0.00321428571428571	0.0383333333333333	0.326379310344828	0	0.668703927576602	0
ENSG00000164822	0.00615384615384615	13.7608752631579	0	0.0117857142857143	0	0.0046551724137931	0	0.317758467966574	0.00142857142857143
ENSG00000165215	0.309230769230769	178.705964441592	0.003	0.000714285714285714	0.00833333333333333	0.00431034482758621	0	0.900857743732591	0
ENSG00000165556	0.0135897435897436	31.7065327958922	0.003	0.00214285714285714	0.00166666666666667	0.0177586206896552	0	0.0383281977715877	0
ENSG00000165828	0.0374358974358974	32.4842534017972	0.048	0.0139285714285714	0.0683333333333333	0.0546551724137931	0	0.479722367688022	0.00809523809523809
ENSG00000166143	0.0902564102564103	32.5016290629012	0.002	0	0.0266666666666667	0.000344827586206897	0	0.524261587743733	0.00142857142857143
ENSG00000166391	0.00794871794871795	15.7526688677792	0.01	0	0.0666666666666667	0.000172413793103448	0	0.61514948189415	0.000476190476190476
ENSG00000166869	0.00102564102564103	79.625943478819	0.001	0	0	0.000344827586206897	0	0.158765153203343	0
ENSG00000167117	0.0515384615384615	7.16223052631579	0.036	0.00821428571428571	0.3	0.0275862068965517	0	0.272697604456825	0.000476190476190476
ENSG00000167281	0.0515384615384615	43.1507436200257	0.061	0.00107142857142857	0.195	0.0122413793103448	0.02	2.57238342339833	0.00523809523809524
ENSG00000167332	0.000512820512820513	15.3562712066752	0.04	0	0.113333333333333	0.00637931034482759	0	0.74816278551532	0.0019047619047619
ENSG00000168748	0.00974358974358974	24.8588200641849	0.001	0	0.02	0.00568965517241379	0	0.0345657660167131	0
ENSG00000169894	0.0343589743589744	11.3355663671374	0	0	0.04	0.00224137931034483	0	0.891173593314763	0
ENSG00000170689	0.0130769230769231	19.9133873299101	0.056	0.000714285714285714	0.005	0.000862068965517241	0.01	0.168750701949861	0.00285714285714286
ENSG00000171431	0	211.135506379974	0.009	0.00357142857142857	0	0.00568965517241379	0	16.5215700557103	0
ENSG00000171747	0.333076923076923	786.85545224647	0.146	0.108214285714286	0.291666666666667	0.136206896551724	0.245	62.6043540389972	0.360476190476191
ENSG00000172137	0.0284615384615385	20.8916558408216	0.147	0.00321428571428571	0.11	0.0113793103448276	0	1.35191036211699	0
ENSG00000172238	0.000512820512820513	11.5244751476252	0.003	0.000357142857142857	0.005	0.000517241379310345	0	0.00961072423398329	0
ENSG00000172828	0.555897435897436	26.5690172528883	0.076	0.0375	0.178333333333333	0.0863793103448276	0.0075	1.48517590529248	0.0333333333333333
ENSG00000173237	0.00102564102564103	6.50375833119384	0.016	0	0	0.00896551724137931	0	0.214951532033426	0
ENSG00000173702	0.0212820512820513	110.237674531451	0.001	0.000714285714285714	0.015	0.0251724137931034	0.0325	9.4995995264624	0.0128571428571429
ENSG00000174992	0.00512820512820513	169.994476827985	0.02	0	0.255	0.000517241379310345	0	0.0833780055710306	0.000476190476190476
ENSG00000175311	0.00256410256410256	7.08523566110398	0.015	0	0.251666666666667	0.00241379310344828	0	0.388755768802228	0
ENSG00000175329	0.00153846153846154	17.2337643157895	0	0	0	0	0	0.0165512284122563	0
ENSG00000176387	0.0815384615384615	190.922683761232	0.002	0.0128571428571429	0	0.0387931034482759	0	8.62795097493036	0
ENSG00000178828	0.00358974358974359	9.60902937098845	0	0	0.0183333333333333	0	0	0.135931448467967	0
ENSG00000180745	0.00128205128205128	29.7399503851091	0	0.0146428571428571	0	0.0337931034482759	0	0.240789080779944	0
ENSG00000181541	0.00641025641025641	249.102937355584	0.004	0.000714285714285714	0.03	0.00103448275862069	0.005	0.954888245125348	0.00476190476190476
ENSG00000181885	0.802051282051282	131.202872913992	0.367	0.0392857142857143	0.0183333333333333	1.00224137931034	0.2575	3.48222757660167	0.175714285714286
ENSG00000182271	0.00512820512820513	30.2171732862644	0.034	0	0.258333333333333	0.00206896551724138	0	0.0756203064066852	0.000952380952380952
ENSG00000182687	0.0505128205128205	11.5600676893453	0.029	0.00321428571428571	0.00166666666666667	0.0596551724137931	0.005	0.496448830083565	0.0128571428571429
ENSG00000183034	0.0041025641025641	9.24281138639281	0.026	0	0.198333333333333	0.00827586206896552	0	0.0140224233983287	0
ENSG00000183036	0.0592307692307692	69.5850490757381	0	0	0	0	0	5.53513186629526	0
ENSG00000183287	0.0328205128205128	24.7455969191271	0.018	0.00142857142857143	0.0883333333333333	0.00913793103448276	0	2.25494122562674	0.00285714285714286
ENSG00000183463	0.0205128205128205	16.675011758665	0.005	0.00285714285714286	0	0.00396551724137931	0	0.0157764902506964	0
ENSG00000184434	0.00692307692307692	10.3960715738126	0.128	0.00464285714285714	0.421666666666667	0.0117241379310345	0	0.0499499860724234	0
ENSG00000186198	0.0102564102564103	27.5046997432606	0.019	0.00607142857142857	0	0.194137931034483	0	1.02495203342618	0
ENSG00000187908	0.00230769230769231	30.1581506007702	0.006	0	0.00166666666666667	0.000862068965517241	0	0.507638005571031	0
ENSG00000188373	0.041025641025641	119.055781655969	0.006	0.00321428571428571	0	0.000172413793103448	0	0.351708467966574	0.00285714285714286
ENSG00000189143	0.05	71.9873544287548	0.039	0.00392857142857143	0.256666666666667	0.0106896551724138	0	6.7366977994429	0.0019047619047619
ENSG00000197273	0	217.646283247754	0	0.000714285714285714	0	0.000172413793103448	0.01	0.383002144846797	0.000476190476190476
ENSG00000197888	3.70230769230769	139.081493100128	0.008	0.00142857142857143	0.0216666666666667	0.000517241379310345	0	0.331719637883008	0.0019047619047619
ENSG00000198788	0.00769230769230769	92.4867171501926	0	0	0	0.000172413793103448	0	0.0917476016713092	0
ENSG00000204610	0.00487179487179487	10.4931744672657	0.147	0.0221428571428571	0.125	0.00758620689655172	0	0.27163856545961	0
ENSG00000205277	0.0869230769230769	19.5001483966624	0.012	0.000357142857142857	0.005	0.155344827586207	0.03	0.0468190027855153	0.0228571428571429
ENSG00000225953	0.0187179487179487	10.1772355969191	0.003	0.000714285714285714	0.07	0.00189655172413793	0	0.0090055348189415	0
ENSG00000233041	0.00666666666666667	1246.19064313222	0	0.0025	0.035	0.000172413793103448	0	80.7820016713092	0.000476190476190476
ENSG00000240990	0.00487179487179487	34.4600076379974	0.008	0.000357142857142857	0.02	0.00258620689655172	0	0.0683030362116992	0.00142857142857143
ENSG00000243709	0.0453846153846154	42.8645161489089	0.01	0.0182142857142857	0.968333333333333	0.0177586206896552	0.0125	1.45737866295265	0.010952380952381
ENSG00000244649	0.0130769230769231	5.26616946983312	0.005	0	0.0633333333333333	0	0.0075	0.0256015905292479	0.0276190476190476
ENSG00000253508	0.00205128205128205	6.36861590500642	0	0	0	0	0	0.021703286908078	0.000476190476190476
ENSG00000255474	0.0102564102564103	5.79257211810013	0	0	0.00833333333333333	0.000862068965517241	0	0.188368718662953	0.000476190476190476
ENSG00000259342	0.00128205128205128	11.5297977150193	0.025	0.00142857142857143	0.108333333333333	0.0179310344827586	0	0.429875598885794	0
ENSG00000259823	0.0517948717948718	52.1281688703466	0.008	0.0285714285714286	0.025	0.0206896551724138	0.0025	0.0330214317548747	0.00238095238095238
ENSG00000265933	0.0041025641025641	5.03407105905006	0.037	0.000357142857142857	0.251666666666667	0.00172413793103448	0	0.227434974930362	0
ENSG00000272763	0.00358974358974359	7.38672874197689	0	0	0	0.000689655172413793	0.0025	0.0296330362116992	0.0276190476190476
ENSG00000274993	0.0041025641025641	14.8340100641849	0.003	0	0.0466666666666667	0.000517241379310345	0	0.0669737325905292	0.0019047619047619
ENSG00000275718	0	12.1802969062901	0	0.000714285714285714	0.00666666666666667	0.329310344827586	0	0.209327381615599	0
ENSG00000143627	0.0112820512820513	0.321433491655969	10.844	0.663571428571429	0.055	0.00241379310344828	0	0.0411387855153203	0.0019047619047619
ENSG00000147689	0.0117948717948718	0.0509649435173299	10.765	0.126071428571429	0.0716666666666667	0.00793103448275862	0.02	0.108159292479109	0.01
ENSG00000158578	0.266923076923077	0.485541181001284	828.564	48.1192857142857	2.92833333333333	21.5353448275862	0.0125	0.331883593314763	0.0133333333333333
ENSG00000169877	0.626923076923077	0.165525494223363	1422.478	99.8971428571429	4.19	5.35551724137931	0.005	0.118330640668524	0.0176190476190476
ENSG00000170180	0.0915384615384615	0.0109648279845956	417.372	14.6003571428571	2.32833333333333	0.223620689655172	0.0025	0.00909889136490251	0.00761904761904762
ENSG00000175449	0.701794871794872	0.461770179717587	160.015	4.5275	9.34833333333333	0.537931034482759	0.1975	0.609466016713092	0.94952380952381
ENSG00000206178	0.00358974358974359	0.00191581514762516	5.659	0.00928571428571429	0.0383333333333333	0.00241379310344828	0	0.00191476323119777	0
ENSG00000213934	0.0330769230769231	0.104528485237484	10498.573	421.202857142857	341.34	0.247068965517241	0.0925	0.0841547075208914	0.0438095238095238
ENSG00000214049	0.0284615384615385	0.595563016688062	66.754	0.0746428571428571	0.275	0.0281034482758621	0.0025	0.260066685236769	0
ENSG00000229169	0.00333333333333333	0.0103792682926829	5.868	0	0.475	0.00862068965517241	0	0.00478838440111421	0.00476190476190476
ENSG00000235590	0.12025641025641	0.0980592554557125	8.888	0.0110714285714286	0.103333333333333	0.00603448275862069	0.015	0.0423757381615599	0.0366666666666667
ENSG00000250361	0.132564102564103	0.00957894736842105	228.137	17.9360714285714	2.965	0.556034482758621	0	0.0098299721448468	0.0166666666666667
ENSG00000250501	0.00153846153846154	0.00504223363286264	11.626	0.00464285714285714	0.461666666666667	0.00448275862068965	0	0.0053291643454039	0
ENSG00000252212	0.0184615384615385	0.0418848010269576	9.855	0	0.0666666666666667	0.0105172413793103	0	0.0238961002785515	0
ENSG00000254438	0.0115384615384615	0.00452993581514763	7.334	0.000357142857142857	0.106666666666667	0.151206896551724	0	0.00202587743732591	0.0019047619047619
ENSG00000256269	4.42307692307692	11.3384544287548	486.92	8.60392857142857	6.88	2.57224137931034	0.4275	9.93713370473538	0.673809523809524
ENSG00000269600	0.0371794871794872	0.11273485237484	19.778	0.264285714285714	0.0866666666666667	0.0148275862068966	0.005	0.0613474930362117	0.00476190476190476
ENSG00000274594	0.00564102564102564	0.133950962772786	9.25	0	0.331666666666667	0.000517241379310345	0	0.0509357103064067	0
ENSG00000279239	0	0	7.568	0	0	0	0	0	0
ENSG00000279346	0.000512820512820513	0	52.529	0.474285714285714	1.30333333333333	0.00655172413793103	0.005	0	0
ENSG00000008438	0.0976923076923077	0.434976444159178	0.051	236.948928571429	0	8.1948275862069	0	0.660737771587744	1.1847619047619
ENSG00000008516	0.0769230769230769	2.10150543003851	0.235	121.94	0.095	2.52327586206897	0.0625	3.18970969359331	0.0890476190476191
ENSG00000092067	0.0502564102564103	0.16731613478819	0.027	17.3657142857143	0.00333333333333333	0.86948275862069	0	0.108559164345404	0.177142857142857
ENSG00000093134	0.462820512820513	0.178594952503209	0.215	48.3810714285714	0.276666666666667	3.64413793103448	0.025	0.486653250696379	0.0590476190476191
ENSG00000096006	0.0441025641025641	0.180372798459564	0.202	165.429642857143	0.05	8.0601724137931	0	0.420195181058496	0.520476190476191
ENSG00000103355	0.00897435897435897	0.0396453337612323	0.001	11.8817857142857	0.0133333333333333	0.0267241379310345	0.0325	0.0352389247910864	0.00238095238095238
ENSG00000108244	0.0128205128205128	0.171480616174583	0.026	10.5385714285714	0.0866666666666667	0.119137931034483	0.0025	0.205724197771588	0.00666666666666667
ENSG00000118113	0.109487179487179	0.120332188703466	0.021	231.537142857143	0.0433333333333333	15.9670689655172	0	0.230435445682451	1.18238095238095
ENSG00000140932	0.485128205128205	0.540530320924262	0.048	46.7410714285714	0.606666666666667	1.27362068965517	0.0625	0.828420974930362	0.0228571428571429
ENSG00000162747	0.0343589743589744	0.910766920410783	0.122	303.419285714286	0.0166666666666667	3.44862068965517	2.105	2.11702721448468	0.0819047619047619
ENSG00000163221	0.321025641025641	5.43275831835687	2.441	1310.29857142857	0	77.4594827586207	0.02	9.56282618384401	1.59714285714286
ENSG00000163421	0.0197435897435897	0.666666608472401	0.453	56.5482142857143	0.73	1.92344827586207	0.01	1.00751025069638	0.214761904761905
ENSG00000163464	0.00358974358974359	0.591172758664955	0.069	61.2896428571429	0	0.474827586206897	0.87	1.45492136490251	0.030952380952381
ENSG00000172232	0.244102564102564	0.367673658536585	1.477	97.3325	0.0466666666666667	2.26844827586207	0.0175	0.249420752089136	0.978095238095238
ENSG00000173535	0.102051282051282	0.711302785622593	0.234	151.344285714286	0.421666666666667	2.10120689655172	0	1.01944504178273	0.0747619047619048
ENSG00000179869	0.0217948717948718	0.0404105596919127	0.207	28.5192857142857	0.146666666666667	0.46051724137931	0	0.011188	0.327619047619048
ENSG00000180871	0.0228205128205128	0.427333884467266	6.83	115.683928571429	0.303333333333333	1.22189655172414	2.01	0.941369470752089	0.0409523809523809
ENSG00000186529	0.0323076923076923	1.49890414762516	0.369	54.3425	0.166666666666667	0.513965517241379	0	2.17465459610028	0.125714285714286
ENSG00000196415	0.102051282051282	0.213464659820282	1.571	65.2046428571429	0.00166666666666667	0.336206896551724	0.0075	0.131404596100279	0.78
ENSG00000197561	0.191282051282051	3.35045401797176	1.64	110.1125	0.045	2.74155172413793	0	2.21165479108635	1.27190476190476
ENSG00000200840	0.00974358974358974	0.0190827599486521	0	5.30142857142857	0	0.401206896551724	0	0.0409610027855153	0
ENSG00000218809	0.0135897435897436	0.093269756097561	0.224	32.5164285714286	0.221666666666667	1.49068965517241	0	0.164733426183844	0.00333333333333333
ENSG00000257335	0.0648717948717949	0.518432706033376	0.089	61.8160714285714	0.511666666666667	1.40741379310345	0.6925	0.732981169916435	0.0880952380952381
ENSG00000268240	0.00230769230769231	0.0253431193838254	0.019	5.37428571428571	0.02	0.167413793103448	0	0.0222417548746518	0.000952380952380952
ENSG00000276568	0.0235897435897436	0.0217538254172015	0.033	8.42285714285714	0.103333333333333	0.171724137931034	0	0.0176112256267409	0.0204761904761905
ENSG00000281017	0.116410256410256	0	0	129.950357142857	0	0	0	0	0
ENSG00000005961	0.325384615384615	0.861955609756098	32.701	0.7975	634.08	2.84189655172414	0.1075	0.734959025069638	0.18952380952381
ENSG00000041353	0.01	1.50335032092426	9.379	0.153571428571429	348.013333333333	0.666724137931034	1.4925	9.55459442896936	0.375238095238095
ENSG00000088053	0.0528205128205128	0.382975532734275	0.516	0.0885714285714286	39.07	0.205862068965517	0.0325	0.26888782729805	0.0176190476190476
ENSG00000088726	0.0187179487179487	0.0420668125802311	1.575	0.135	133.448333333333	0.765344827586207	0	0.143407376044568	0.019047619047619
ENSG00000101162	0.0664102564102564	0.310122747111682	14.709	1.405	314.476666666667	4.40275862068966	0.0125	0.368952534818942	0.216666666666667
ENSG00000109272	0.0151282051282051	0.127255391527599	0.489	0.184285714285714	88.9183333333333	0.56948275862069	0.0025	0.0492908077994429	0.0514285714285714
ENSG00000111644	0.647692307692308	1.73448061617458	2.132	1.035	170.803333333333	4.31568965517241	0.3075	1.98214791086351	0.267619047619048
ENSG00000113924	0.246153846153846	7.23719073170732	5.76	0.0489285714285714	329.496666666667	0.602241379310345	0.05	17.0012506963788	0.471904761904762
ENSG00000113946	0.00282051282051282	0.0133125827984596	0.076	0	8.90166666666667	0.0101724137931034	0	0.0120289415041783	0
ENSG00000117400	0.000769230769230769	0.260373748395379	0.717	0.0185714285714286	16.5066666666667	0.106551724137931	0	0.184393231197772	0.00285714285714286
ENSG00000134548	0.0687179487179487	0.482587214377407	0.989	0.0117857142857143	26.355	0.168448275862069	0.0025	0.569412618384401	0.0338095238095238
ENSG00000138722	0.722820512820513	16.3643614890886	5.181	0.0578571428571429	450.355	0.561379310344828	0.07	8.68961532033426	0.317142857142857
ENSG00000138798	0.0125641025641026	0.482121263157895	0.3	0.0507142857142857	20.48	0.203965517241379	0.0025	0.0278601030640669	0.0133333333333333
ENSG00000139174	1.71666666666667	2.59335288831836	0.663	0.0185714285714286	61.4116666666667	0.142241379310345	0	1.43405264623955	0.00857142857142857
ENSG00000150681	0.249487179487179	0.891080937098845	10.582	39.55	795.375	12.2196551724138	0.0575	0.643231225626741	0.41
ENSG00000151023	0.021025641025641	0.0986945237483954	0.192	0.0225	14.675	0.517586206896552	0	0.181021623955432	0.0133333333333333
ENSG00000153347	0.0171794871794872	0.0324737997432606	0.203	0.0185714285714286	6.08	0.139137931034483	0	0.0850572200557103	0.010952380952381
ENSG00000161911	0.0392307692307692	0.236484685494223	2.689	0.145714285714286	138.753333333333	4.76551724137931	0.0025	0.213748997214485	0.0333333333333333
ENSG00000163092	0.00769230769230769	0.100892465982028	0.129	0.00214285714285714	6.255	0.0112068965517241	0.005	0.0562652311977716	0.000476190476190476
ENSG00000163736	0.234102564102564	0.141106919127086	217.446	2.07214285714286	15841.8933333333	50.3891379310345	0.09	0.317537103064067	1.6847619047619
ENSG00000163737	0.134615384615385	0.639112772785623	55.427	1.04857142857143	5021.50333333333	7.82068965517241	0.0275	0.995364289693593	0.501904761904762
ENSG00000165682	0.00307692307692308	0.0464588125802311	8.542	0.111785714285714	588.305	1.57413793103448	0.0025	0.0459826796657382	0.0204761904761905
ENSG00000166035	0.0612820512820513	0.312168549422336	0.387	0.0257142857142857	23.4983333333333	0.0793103448275862	0.3075	0.219051504178273	0.151428571428571
ENSG00000166091	0.0343589743589744	6.82712996148909	3.588	0.103571428571429	164.133333333333	0.728275862068966	0.0025	1.93421793871866	0.0385714285714286
ENSG00000169224	0.0130769230769231	0.49428544801027	11.865	0.0875	283.705	2.99155172413793	0.015	0.505322841225627	0.0133333333333333
ENSG00000169704	0.0417948717948718	0.219549807445443	0.827	0.2075	119.031666666667	0.432758620689655	0.0075	0.105538272980501	0.0280952380952381
ENSG00000174175	0.0851282051282051	6.91779922978177	7.168	0.337142857142857	661.41	0.639137931034483	0.0125	5.26603231197772	0.255238095238095
ENSG00000178732	0.0161538461538462	0.108364856225931	0.12	0.0282142857142857	11.3316666666667	0.0474137931034483	0.0325	0.0806417437325905	0.61952380952381
ENSG00000182732	0.0497435897435897	0.625855314505777	3.306	0.535714285714286	49.57	0.156551724137931	0.005	0.314490442896936	0.00904761904761905
ENSG00000183785	1.21051282051282	0.162707137355584	0.541	0.0864285714285714	53.1833333333333	1.22344827586207	0.125	0.27010852367688	0.206666666666667
ENSG00000185245	0.0635897435897436	1.13869540436457	1.051	0.0639285714285714	74.8316666666667	0.864137931034483	0	0.664811364902507	0.00619047619047619
ENSG00000185559	0.0148717948717949	0.125969739409499	0.436	0.00785714285714286	14.0816666666667	0.00275862068965517	0	0.537054506963788	0.0019047619047619
ENSG00000197959	0.249230769230769	1.46848716302953	2.322	0.126071428571429	137.875	1.10431034482759	0.1	1.19118189415042	0.411904761904762
ENSG00000198452	0	0.0550442747111682	1.005	0.00642857142857143	33.6983333333333	0.0246551724137931	0	0.0536160167130919	0.000476190476190476
ENSG00000199927	0	0	0	0	8.55166666666667	0	0	0	0
ENSG00000203395	0.0384615384615385	0.0134636636713736	0.143	0.0117857142857143	5.95833333333333	0.095	0	0.00962069637883008	0.000952380952380952
ENSG00000203618	0.0230769230769231	0	0.433	0.824285714285714	19.0283333333333	0.408620689655172	0	0	0.0133333333333333
ENSG00000204420	0.0487179487179487	0.561910783055199	9.597	0.295357142857143	290.568333333333	1.49465517241379	0.075	0.511717771587744	0.0257142857142857
ENSG00000204424	0.00538461538461538	0.0337446084724005	3.538	0.0878571428571429	176.666666666667	0.44448275862069	0	0.0231594428969359	0.00857142857142857
ENSG00000225231	0.00846153846153846	0.0779213478818999	0.195	0.778928571428571	14.2783333333333	0.210689655172414	0.0425	0.0705914484679666	0.0238095238095238
ENSG00000225746	0.0158974358974359	0.261483901155327	1.633	0.141428571428571	30.095	0.075	0.0125	0.243699019498607	0.0295238095238095
ENSG00000226510	0.0153846153846154	0.127602002567394	0.334	0.000357142857142857	12.1916666666667	0.0127586206896552	0.0025	0.041784651810585	0.00380952380952381
ENSG00000228651	0.00487179487179487	0.0834251604621309	0.578	0.0025	15.56	0.987241379310345	0	0.0535740389972145	0.00476190476190476
ENSG00000232018	0.000769230769230769	0	1.213	0.0228571428571429	13.4416666666667	0.0208620689655172	0	0	0.00857142857142857
ENSG00000233968	0.00846153846153846	0.374652644415918	11.756	0.0178571428571429	549.738333333333	0.927586206896552	0	0.44302922005571	0.0185714285714286
ENSG00000240454	0.018974358974359	0.0309211296534018	0	0.0121428571428571	6.63	0.0429310344827586	0	0.0555805013927577	0
ENSG00000243592	0.0469230769230769	0.084352297817715	0.146	0.0228571428571429	5.67	0.224827586206897	0	0.075529721448468	0.0261904761904762
ENSG00000244355	0.0115384615384615	4.0225090885751	2.374	0.00678571428571429	123.181666666667	0.00844827586206896	0.005	0.113411253481894	0.0019047619047619
ENSG00000250641	0.00666666666666667	0	3.117	0.00857142857142857	200.953333333333	0.0129310344827586	0	0	0.00238095238095238
ENSG00000253073	0	0.0021806161745828	0	0	5.41333333333333	0	0	0.0012924791086351	0
ENSG00000253227	0.00128205128205128	0.0216045571245186	0.26	0	10.03	0.159310344827586	0	0.0147975208913649	0
ENSG00000254877	0.249487179487179	0.0424464826700899	0.092	0.00285714285714286	5.59833333333333	0.056551724137931	0	0.0506179665738162	0
ENSG00000255189	0.00205128205128205	0.0197924929396662	0.089	0	9.47666666666667	0.0132758620689655	0	0.0225143732590529	0
ENSG00000255240	0.91	0.076425540436457	0.362	0.01	22.315	0.251379310344828	0	0.072636295264624	0.00714285714285714
ENSG00000257653	0.203333333333333	0	0.08	0.00142857142857143	8.035	0.0293103448275862	0	0	0
ENSG00000258399	0.00564102564102564	0	0.47	0.0292857142857143	9.725	0.0353448275862069	0	0	0.00523809523809524
ENSG00000259207	0.148974358974359	24.0409500641849	4.129	0.346428571428571	341.83	3.31689655172414	0.0025	5.79757353760446	0.122857142857143
ENSG00000259719	0.0317948717948718	0.131441129653402	0.317	0.385714285714286	18.4783333333333	0.200689655172414	0.015	0.106437158774373	0.0428571428571429
ENSG00000267279	0.00307692307692308	0.200351527599487	3.178	0.0214285714285714	113.395	0.488275862068966	0	0.189987966573816	0.00476190476190476
ENSG00000267311	0.00102564102564103	0.0236745442875481	0.097	0.00392857142857143	6.32333333333333	0.015	0.1025	0.117209665738162	0.0257142857142857
ENSG00000280441	0.02	0.0125459679075738	0.256	0.00321428571428571	9.63666666666667	0.000344827586206897	0	0.011142713091922	0
ENSG00000281535	0	0	0.006	0	19.98	0	0	0	0.0114285714285714
ENSG00000281710	0	0	0.691	0	11.2433333333333	0	0	0	0
ENSG00000038945	0.599487179487179	2.74000949935815	0.265	0.0278571428571429	0.251666666666667	182.435	0	1.60362284122563	0.0371428571428571
ENSG00000095970	0.0146153846153846	1.57131224646983	0.042	0.0628571428571429	0.495	97.7037931034483	0	1.09286231197772	0.00904761904761905
ENSG00000102962	0.0471794871794872	0.451969820282413	0.038	0.000357142857142857	0.246666666666667	288.15275862069	0	0.378021896935933	0.11047619047619
ENSG00000102970	0.777948717948718	0.353082554557125	0.01	0.00107142857142857	0	762.535517241379	0	0.35407504178273	0.667619047619048
ENSG00000115919	2.73974358974359	0.265054916559692	0.971	0.314642857142857	2.23666666666667	83.9279310344828	0.015	0.269579192200557	0.0338095238095238
ENSG00000118785	0.743076923076923	45.147215661104	1.132	1.69214285714286	26.5516666666667	827.729137931035	0	13.9278484679666	0.0242857142857143
ENSG00000134668	0.0174358974358974	0.418374292682927	0.011	0.0221428571428571	0.0633333333333333	23.8939655172414	0	0.997702423398329	0.010952380952381
ENSG00000137673	0.0315384615384615	0.264995391527599	0.108	0.000714285714285714	0.385	65.8724137931034	0	1.35260991643454	0.00238095238095238
ENSG00000145107	0.00871794871794872	0.0846978562259307	0.062	0.0025	0.646666666666667	193.843965517241	0.15	0.0587266295264624	0.050952380952381
ENSG00000146070	0.00820512820512821	1.91252449293967	0.915	0.0282142857142857	1.135	130.440517241379	0	0.778443899721448	0.0119047619047619
ENSG00000147614	0.00384615384615385	0.510097364569961	0.032	0.00107142857142857	0.283333333333333	9.29810344827586	0	0.11113243454039	0
ENSG00000158477	0.483076923076923	0.0516436046213094	0.051	0.00321428571428571	0.351666666666667	12.6689655172414	0	0.0389120501392758	0
ENSG00000158485	0.00307692307692308	0.0779867522464698	0.004	0.00214285714285714	0	13.8958620689655	0	0.0736503621169916	0
ENSG00000158488	0.0176923076923077	0.373894133504493	0.012	0.00535714285714286	0.0133333333333333	9.25706896551724	0	0.268067298050139	0
ENSG00000162723	0.0133333333333333	0.0595004492939666	0.061	0.00142857142857143	0.0533333333333333	9.46827586206897	0	0.114856072423398	0.00142857142857143
ENSG00000164935	0.00564102564102564	0.0257272195121951	0.033	0.0025	0.395	83.1841379310345	0	0.0282271448467967	0.00571428571428571
ENSG00000172551	0.00743589743589744	0.180335044929397	0.007	0.00642857142857143	0.0933333333333333	5.79310344827586	0	0.147369498607242	0.00476190476190476
ENSG00000185640	0	0.0683257779204108	0.07	0.000714285714285714	0.02	10.0096551724138	0.0025	0.0472292729805014	0.000476190476190476
ENSG00000186407	0.0192307692307692	1.78946889602054	1.001	0.231428571428571	0.035	45.0603448275862	0	1.70714595543175	0.000476190476190476
ENSG00000197632	0.00846153846153846	0.369551525032092	0.66	0.981785714285714	0.025	45.0544827586207	0.005	0.716210752089137	0.00952380952380952
ENSG00000199631	0.664871794871795	1.79804762516046	0	0	0	77.5805172413793	0	1.37613871866295	0
ENSG00000199744	1.27923076923077	0	0	0	0	18.5722413793103	0	0	0
ENSG00000199753	2.69025641025641	0.110872272143774	0	0	0	177.634827586207	0	0.0818278551532033	0
ENSG00000200084	0.360512820512821	2.0131944801027	0	0	0	41.8206896551724	0	1.74684930362117	0
ENSG00000200506	0.00743589743589744	0.0141723876765083	0	0	0	5.90275862068966	0	0.0445874651810585	0
ENSG00000201078	0.00153846153846154	0.0148423106546855	0	0	0	9.52862068965517	0.0125	0.0107441504178273	0.00238095238095238
ENSG00000201675	0	0	0	0	0	13.1410344827586	0	0	0
ENSG00000201901	0.0520512820512821	0.00413649550706033	0.035	0.00214285714285714	0.125	20.0841379310345	0	0.00343175487465181	0
ENSG00000202252	0.0753846153846154	0	0	0	0	99.3596551724138	0	0	0
ENSG00000202357	0.01	0.0180098459563543	1.961	0	0	20.7256896551724	0	0.0794245125348189	0
ENSG00000202503	0	0.116638125802311	0	0	0	57.3096551724138	0	0.0950894150417827	0
ENSG00000206602	0.608717948717949	0.0334134788189987	0	0	0	24.8839655172414	0	0.0258069637883008	0
ENSG00000206611	0.164871794871795	0	0	0	0	6.4551724137931	0	0	0
ENSG00000206775	0.349230769230769	0.00535905006418485	0	0	0	5.59068965517241	0	0.00857270194986073	0
ENSG00000206979	0	0.00211399229781771	0	0	0	5.98913793103448	0	0	0
ENSG00000207118	0.712820512820513	0	0	0	0	9.12155172413793	0	0	0
ENSG00000207241	0.165641025641026	0	0	0	0	11.133275862069	0	0	0
ENSG00000207280	0.213333333333333	0.128469961489089	0	0	0	16.7668965517241	0	0.152270752089136	0
ENSG00000209702	0.0307692307692308	0.00885250320924262	0	0	0	27.7568965517241	0	0.0102885793871866	0
ENSG00000212304	0.0697435897435897	0	0	0	0	7.71465517241379	0	0	0
ENSG00000212552	0.00846153846153846	0	0	0	0	10.0589655172414	0	0	0
ENSG00000221116	0.232051282051282	0	0	0	0	62.1305172413793	0	0	0
ENSG00000221539	0.292307692307692	0.0701535301668806	0	0	0	8.29534482758621	0	0.0486462395543176	0
ENSG00000222386	0.00897435897435897	0.0114865468549422	0.153	0.015	0.301666666666667	5.09362068965517	0	0.010466713091922	0
ENSG00000224916	0.0294871794871795	0	0.187	0.00214285714285714	0.143333333333333	16.5291379310345	0.02	0	0
ENSG00000226572	0.133846153846154	0	0	0	0	29.6662068965517	0	0	0
ENSG00000227195	0.435384615384615	0.029467350449294	0.047	0	0.358333333333333	65.1531034482759	0	0.00993194986072423	0.216666666666667
ENSG00000230043	27.5717948717949	0	1.818	15.7575	41.095	1179.21396551724	2.615	0	7.02285714285714
ENSG00000230837	0.0666666666666667	0.141953363286264	0	0	0	14.335	0	0.111663147632312	0
ENSG00000236700	0.0169230769230769	0.0235182631578947	0.012	0.00642857142857143	0.075	19.3053448275862	0	0.0278435626740947	0.000476190476190476
ENSG00000238150	0.324102564102564	0.4950026957638	0	0.00214285714285714	0	36.1168965517241	0	0.455488077994429	0
ENSG00000238531	0	0.00959216944801027	0	0	0	5.53396551724138	0	0.0122888579387187	0
ENSG00000238650	0.362307692307692	0.050189216944801	0	0	0	9.96051724137931	0	0.0716033426183844	0
ENSG00000240341	0.0305128205128205	0	0	0	0	22.5239655172414	0	0	0
ENSG00000248993	0.235897435897436	0	0.038	0.00285714285714286	0.0266666666666667	12.2353448275862	0	0	0.00285714285714286
ENSG00000252139	0.0528205128205128	0	0	0	0	18.8993103448276	0	0	0
ENSG00000253945	0	0.0729797175866495	0	0	0	140.494482758621	0	0.0613922005571031	0
ENSG00000257764	0.130512820512821	0	39.559	6.475	37.1383333333333	1202.26396551724	0.005	0	0.204285714285714
ENSG00000259225	0.0041025641025641	0.0200952220795892	0.034	0.0207142857142857	0.201666666666667	5.00068965517241	0	0.0214878105849582	0.000476190476190476
ENSG00000259590	0.0217948717948718	0.221244698331194	0.009	0	0.113333333333333	44.7910344827586	0	0.125609275766017	0
ENSG00000259760	0.0192307692307692	0.188962066752246	0.008	0	0	120.962586206897	0	0.100632311977716	0
ENSG00000264063	0.0576923076923077	0	0	0	0	35.1841379310345	0	0	0
ENSG00000264294	0.0528205128205128	0	0	0	0	23.6762068965517	0	0	0
ENSG00000264462	0.636153846153846	0.000830680359435173	0.075	0.0432142857142857	0.095	9.36137931034483	0.05	0	0.110952380952381
ENSG00000264549	0.538205128205128	0	0	0	0	6.34689655172414	0	0	0
ENSG00000265145	0	0.0059803594351733	0	0	0	6.79275862068966	0	0.00654902506963788	0
ENSG00000265573	0	0	0	0	0	122.649482758621	0	0	0
ENSG00000265936	1.27666666666667	0.313182349165597	0	0.00964285714285714	0	22.706724137931	0	0.239375766016713	0
ENSG00000266241	0.0625641025641026	0	0	0	0	24.6789655172414	0	0	0
ENSG00000266727	0.208717948717949	0	0	0	0	7.56379310344828	0	0	0
ENSG00000266835	0.0171794871794872	0.181247907573813	0.057	0.00357142857142857	0.125	8.40310344827586	0.005	0.134498885793872	0.0323809523809524
ENSG00000273331	0.00461538461538461	0	0.031	0.000714285714285714	0.09	11.2624137931034	0.0025	0	0.00380952380952381
ENSG00000273684	0.232051282051282	0	0	0	0	120.530862068966	0	0	0
ENSG00000273834	0.111538461538462	0	0	0	0	12.8794827586207	0	0	0
ENSG00000273870	0.0230769230769231	0.921754608472401	0	0	0	17.1886206896552	0	0.560976044568245	0
ENSG00000273885	0.491025641025641	0	0	0	0	35.0494827586207	0	0	0
ENSG00000274544	0.694615384615385	0.13985648267009	0	0	0	26.6960344827586	0	0.101753760445682	0
ENSG00000274582	0.116923076923077	0	0.537	0	0	10.8387931034483	0	0	0.347142857142857
ENSG00000274655	0.857692307692308	0	0	0	0	31.6370689655172	0	0	0
ENSG00000275209	0	0	0	0	0	47.3260344827586	0	0	0
ENSG00000275385	0.0276923076923077	4.8543205648267	0.016	0.0178571428571429	0.0433333333333333	102.873793103448	0.02	0.780500362116992	0.101428571428571
ENSG00000275708	0.636153846153846	0.00211822849807445	0.075	0.0432142857142857	0.095	9.36137931034483	0.05	0.000532869080779944	0.110952380952381
ENSG00000275834	0.0853846153846154	0.0121300385109114	0	0	0	261.772931034483	0	0.00925041782729805	0
ENSG00000276758	0	0.0085382541720154	0	0	0	6.43068965517241	0	0.00535403899721448	0
ENSG00000276784	0.258717948717949	0	0	0	0	6.57137931034483	0	0	0
ENSG00000276788	0.692307692307692	0.143908729139923	0	0	0	38.615	0	0.145940668523677	0
ENSG00000276924	0.295384615384615	0	0	0	0	635.832586206897	0	0	0
ENSG00000277437	0.0576923076923077	0	0	0	0	35.1841379310345	0	0	0
ENSG00000277644	0	0	0	0	0	47.3260344827586	0	0	0
ENSG00000278047	0.295384615384615	0	0	0	0	635.832586206897	0	0	0
ENSG00000278597	0	0	0	0	0	47.3260344827586	0	0	0
ENSG00000279868	1010.72051282051	0	0	0	0	19788.8155172414	0	0	0
ENSG00000280102	45.3323076923077	0	0	0	0	20772.6437931034	0	0	0
ENSG00000280589	0.0615384615384615	0	0	0	0	31.9627586206897	0	0	0
ENSG00000280602	1010.72051282051	0	0	0	0	19788.8155172414	0	0	0
ENSG00000281010	0.153076923076923	0	0	0	0	9.66844827586207	0	0	0
ENSG00000281068	0.272564102564103	0	0	0	0	23.283275862069	0	0	0
ENSG00000281096	0.0871794871794872	0	0	0	0	5.49862068965517	0	0	0
ENSG00000281117	0.112051282051282	0	0	0	0	12.9872413793103	0	0	0
ENSG00000281147	0.106410256410256	0	0	0	0	39.3287931034483	0	0	0
ENSG00000281156	0.0148717948717949	0	0	0	0	23.0039655172414	0	0	0
ENSG00000281206	69.3335897435897	0	0	0	0	1178.60275862069	0	0	0
ENSG00000281220	0.159230769230769	0	0	0	0	6.43862068965517	0	0	0.123333333333333
ENSG00000281255	962.828974358974	0	0	0	0	9236.74362068965	0	0	0
ENSG00000281428	0	0	0	0	0	32.6162068965517	0	0	0
ENSG00000281458	0.287435897435897	0	0	0	0	10.5224137931034	0	0	0
ENSG00000281678	0.567692307692308	0	0	0	0	31.6353448275862	0	0	0
ENSG00000281893	586.738461538462	0	0	0	0	19355.7527586207	0	0	0
ENSG00000117281	0.0953846153846154	0.517782200256739	0.414	0.0314285714285714	0.485	0.706206896551724	38.2625	0.438391977715877	0.931428571428571
ENSG00000143185	0.0192307692307692	0.566280706033376	0.597	0.0260714285714286	0.0116666666666667	0.178620689655172	35.8925	0.82799651810585	0.766190476190476
ENSG00000189430	0.0176923076923077	0.130417779204108	0.296	0.798928571428571	0.151666666666667	0.309827586206897	21.215	0.101252506963788	0.314761904761905
ENSG00000198574	0.0241025641025641	0.293621797175867	0.356	0.09	0.085	1.12413793103448	21.3075	0.17355008356546	0.060952380952381
ENSG00000005001	0.00692307692307692	0.89441702182285	0	0	0	0.18551724137931	0.0325	14.8821288300836	0.0814285714285714
ENSG00000016082	0.00282051282051282	1.32053391527599	0.002	0.000357142857142857	0.075	0	0	12.7529810584958	0.000476190476190476
ENSG00000066405	0.000769230769230769	1.06651152888318	0.007	0.00571428571428571	0.0366666666666667	0.0046551724137931	0	440.431183008357	0
ENSG00000096088	0.00769230769230769	18.4741540179718	0.023	0.00357142857142857	0	0.005	0	44716.5816503343	0.00571428571428571
ENSG00000099769	0.0943589743589744	0.781549948652118	0.032	0.0403571428571429	0.0116666666666667	0.0122413793103448	0.0175	11.7371256267409	0.0480952380952381
ENSG00000100604	0.00358974358974359	31.0762077021823	0	0.0228571428571429	0	0.00741379310344828	0.0075	402.733177437326	0
ENSG00000100665	0.000256410256410256	0.0597944929396662	0.004	0.00107142857142857	0.00833333333333333	0.000517241379310345	0	17.3301269916435	0
ENSG00000101842	0.0743589743589744	0.176635854942234	0.066	0.0171428571428571	0.02	0.0117241379310345	0	102.208650807799	2.94857142857143
ENSG00000105398	0.00102564102564103	0.228500159178434	0.008	0	0.09	0.00655172413793103	0	12.6920132451253	0
ENSG00000105641	0.0212820512820513	0.0771201758664955	0.077	0.00642857142857143	0.0483333333333333	0.0251724137931034	0	30.4769722395543	0.200952380952381
ENSG00000105675	0.00461538461538462	0.375046758664955	0.002	0	0	0.00172413793103448	0	1244.51126191365	0
ENSG00000105707	0.0141025641025641	1.15463933247754	0.027	0.0635714285714286	0.273333333333333	0.116551724137931	0	53.8681284122563	0.00857142857142857
ENSG00000107159	0.0294871794871795	2.69003658536585	0.008	0.0025	0.0433333333333333	0.00293103448275862	0.005	459.000647075209	0.00428571428571429
ENSG00000107295	0.0161538461538462	0.688236444159178	0.022	0.00107142857142857	0.0966666666666667	0.00551724137931035	0	10.0684857938719	0
ENSG00000108602	0.0276923076923077	1.78401355584082	0.01	0.00857142857142857	0.0933333333333333	0.0455172413793103	0.0125	120.604791643454	0.00714285714285714
ENSG00000109511	0.0115384615384615	0.775723568677792	0.017	0	0.065	0.000172413793103448	0.0025	275.400695988858	0
ENSG00000109956	0.0120512820512821	1.00732766367137	0.003	0.0025	0.00333333333333333	0.00741379310344828	0.3625	21.7826641504178	0.19
ENSG00000110148	0.00282051282051282	0.293173046213094	0.005	0.00142857142857143	0.228333333333333	0.00189655172413793	0	38.5680521727019	0.000476190476190476
ENSG00000110195	0.00205128205128205	0.276250474967908	0.027	0.005	0.103333333333333	0.0312068965517241	0	10.4944288579387	0.000476190476190476
ENSG00000114771	0	0.372504942233633	0.139	0.000714285714285714	0.67	0	0	15.6984537325905	0
ENSG00000115386	0.00948717948717949	76.3844289730424	0.017	0	0.015	0	0	855.671985431755	0
ENSG00000118017	0.00358974358974359	0.257776649550706	0.026	0.000357142857142857	0.171666666666667	0.0258620689655172	0	5.78538972144847	0
ENSG00000118271	0.0041025641025641	1.69452059050064	0.022	0.00142857142857143	0.0466666666666667	0.000172413793103448	0	19.9699643175487	0
ENSG00000124232	0.00487179487179487	0.10533326957638	0	0	0	0.000172413793103448	0	7.64808699164345	0.000476190476190476
ENSG00000124713	0.353846153846154	1.34658337612323	0.205	0.462142857142857	0.483333333333333	0.509137931034483	0.125	56.3489693593315	0.202857142857143
ENSG00000124920	0.24025641025641	4.48413902439024	0.101	0.0153571428571429	0.0766666666666667	0.112241379310345	0.1825	113.877746239554	0.0538095238095238
ENSG00000125285	0.00102564102564103	0.0339151309370988	0.054	0	0.00166666666666667	0	0	9.75095153203343	0
ENSG00000125999	0.00384615384615385	0.307772251604621	0.007	0.00285714285714286	0.01	0.00344827586206897	0	13.6909217827298	0
ENSG00000130700	0.000512820512820513	0.358186250320924	0.265	0.0214285714285714	0.09	0.000344827586206897	0	14.2574958774373	0
ENSG00000130957	0.0107692307692308	0.336607483953787	0.002	0.00107142857142857	0.00333333333333333	0.00637931034482759	0	41.9553144568245	0
ENSG00000131668	0.00487179487179487	3.37771273427471	0.007	0	0.02	0.00224137931034483	0	211.559863788301	0
ENSG00000131910	0.00333333333333333	0.372662901155327	0.049	0.00107142857142857	0	0	0	28.99018	0
ENSG00000134216	0.0128205128205128	0.0272953401797176	0.002	0	0	0.000344827586206897	0	271.363101643454	0.00142857142857143
ENSG00000134812	0.00333333333333333	0.841134455712452	0.006	0.0228571428571429	0.191666666666667	0.000172413793103448	0	1424.03128451253	0
ENSG00000136574	0.00512820512820513	0.2671136957638	0.072	0.00107142857142857	0.0233333333333333	0.00275862068965517	0	28.8195270835655	0
ENSG00000137857	0.0738461538461539	1.84325712451861	0.02	0.0128571428571429	0.136666666666667	0.640172413793103	0.0075	68.7022033426184	0.00619047619047619
ENSG00000138109	0.00948717948717949	1.35435064698331	0.022	0	0.09	0.0160344827586207	0	14.3191744289694	0
ENSG00000138115	0.224102564102564	0.769099050064185	0.064	0.015	0.113333333333333	0.0125862068965517	0.045	13.1845477437326	0.0471428571428571
ENSG00000139144	0.00307692307692308	0.145827834403081	0	0	0.0116666666666667	0.00810344827586207	0	16.2469313091922	0
ENSG00000139219	0.0233333333333333	0.178188575096277	0.08	0.00607142857142857	0.355	0.00913793103448276	0.0075	13.2479286462396	0.00238095238095238
ENSG00000139988	0.0671794871794872	0.208580192554557	0.015	0.00107142857142857	0.263333333333333	0.189310344827586	0	8.32962701949861	0.000952380952380952
ENSG00000140254	0.0269230769230769	0.753737727856226	0.005	0.00964285714285714	0.015	0.701379310344828	0.03	25.3018931754875	0.0242857142857143
ENSG00000140274	0.00153846153846154	1.92468919127086	0.014	0.00714285714285714	0.0216666666666667	0.0105172413793103	0	22.6913724512535	0
ENSG00000140506	0.127179487179487	0.423666033376123	0.014	0.0760714285714286	0.0133333333333333	0.0096551724137931	0.05	25.0095174651811	0.030952380952381
ENSG00000145321	0.00538461538461538	0.140644451861361	0.023	0.00214285714285714	0	0.000517241379310345	0	12.5866129805014	0
ENSG00000146755	0.00538461538461538	0.382901732991014	0.029	0.00857142857142857	0.0616666666666667	0.0191379310344828	0	50.7626951810585	0.00285714285714286
ENSG00000150201	0.00128205128205128	0.12346	0.007	0	0.01	0.00448275862068965	0	8.11545437325905	0.00333333333333333
ENSG00000152669	0.0323076923076923	0.727559242618742	0.002	0	0.0216666666666667	0.00379310344827586	0	13.1458046796657	0.00238095238095238
ENSG00000153822	0.0407692307692308	0.108355277278562	0.043	0.00214285714285714	0.288333333333333	0.00413793103448276	0	15.5616467966574	0
ENSG00000157005	0.0153846153846154	15.0013275353017	0.009	0.00107142857142857	0.065	0	0	389.284254038997	0.000952380952380952
ENSG00000157017	0.357435897435897	1.57741771501926	0.205	2.3225	0.171666666666667	0.822413793103448	0.0425	217.833896100279	0.12952380952381
ENSG00000157315	0.632307692307692	2.29711116816431	0.967	0.134285714285714	0.501666666666667	0.133965517241379	0.0275	63.2741281337047	0.192380952380952
ENSG00000158516	0.00230769230769231	1.74671544287548	0.003	0	0.0116666666666667	0.00103448275862069	0	103.624765626741	0
ENSG00000159197	0.0515384615384615	1.31248727856226	0.169	0.0167857142857143	0.09	0.00810344827586207	0.015	284.57255264624	0.00857142857142857
ENSG00000159212	0.0884615384615385	4.72329537869063	0.002	0.00178571428571429	0.0333333333333333	0.136724137931034	0	165.917072144847	0.0219047619047619
ENSG00000160181	0.0484615384615385	5.68461806161746	0.01	0	0.115	0	0	1908.75476952646	0
ENSG00000160182	0.000512820512820513	16.4832595378691	0.004	0	0	0	0	2284.79307493036	0.00142857142857143
ENSG00000160862	4.4774358974359	5.37334133504493	0.12	0.00678571428571429	0.335	0.000862068965517241	0	218.202439832869	0
ENSG00000161798	0.00128205128205128	0.576668844672657	0.014	0.000357142857142857	0	0.00155172413793103	0	13.271122367688	0.000952380952380952
ENSG00000162482	0.182820512820513	17.6444534017972	0.054	0.0314285714285714	0.0983333333333333	0.157413793103448	0.04	193.296380779944	0.106190476190476
ENSG00000163377	0.000512820512820513	0.454024186136072	0.026	0.000357142857142857	0.00166666666666667	0.0798275862068965	0	6.10954934261838	0
ENSG00000163394	0	0.443894300385109	0	0	0.00333333333333333	0.00103448275862069	0	16.0937161002786	0
ENSG00000164089	0.0125641025641026	0.0962652952503209	0.03	0	0.0266666666666667	0.000172413793103448	0	12.0862565181059	0
ENSG00000164266	0.0117948717948718	30.5931173427471	0.128	0	0.138333333333333	1.74862068965517	0	362.041805069638	0
ENSG00000164379	0.000256410256410256	0.96686243902439	0	0.00214285714285714	0	0.400862068965517	0	49.4952874651811	0
ENSG00000165125	0.00820512820512821	0.27856810012837	0.005	0.0192857142857143	0.005	0.0756896551724138	0	8.77853816155989	0.00142857142857143
ENSG00000165349	0.0784615384615385	0.157807069319641	0.009	0.000357142857142857	0.04	0.000517241379310345	0	5.78855980501393	0.02
ENSG00000167653	0.0376923076923077	4.52509378690629	0.006	0.0175	0.0316666666666667	0.248275862068966	0.015	2092.75076328691	0.0471428571428571
ENSG00000167757	0.00487179487179487	0.471838010269576	0.004	0	0.0316666666666667	0.000344827586206897	0	63.6467195543175	0
ENSG00000168631	0.00897435897435897	0.0945352734274711	0.007	0	0.0316666666666667	0	0	116.154239860724	0
ENSG00000169340	0.0041025641025641	0.110144053915276	0	0	0	0	0	146.053068607242	0
ENSG00000169605	0.0207692307692308	2.1185516944801	0.005	0	0.015	0	0	6800.31985877437	0
ENSG00000170561	0.00179487179487179	0.166641707317073	0.026	0	0.275	0.00120689655172414	0	16.4693591086351	0.000476190476190476
ENSG00000170577	0.0430769230769231	1.26470006418485	0.002	0	0.00166666666666667	0	0.0025	16.8944239554318	0
ENSG00000171557	0.00307692307692308	0.609123709884467	0.026	0.00178571428571429	0.0383333333333333	0	0	7.9374148189415	0
ENSG00000171560	0.00128205128205128	0.497825263157895	0.031	0.0025	0.00333333333333333	0.000172413793103448	0	19.8199481559889	0
ENSG00000172016	0.00512820512820513	9.41085707317073	0	0	0	0	0	122.778567465181	0
ENSG00000172461	0.00794871794871795	0.22121703465982	0.009	0	0.0383333333333333	0.000689655172413793	0	7.93650415041783	0
ENSG00000174502	0.0502564102564103	0.0554310770218229	0.008	0	0.108333333333333	0.061551724137931	0	48.3514704456825	0
ENSG00000174514	0.256153846153846	4.84100924261874	0.217	0.0128571428571429	0.241666666666667	0.201206896551724	0.055	119.11351281337	0.329047619047619
ENSG00000177133	0.000769230769230769	2.10894994865212	0.167	0	0.02	0.0103448275862069	0.0125	99.0919913649025	0.000952380952380952
ENSG00000178597	0	0.0641561270860077	0	0	0	0.00172413793103448	0	17.209145086351	0
ENSG00000180251	0.00487179487179487	0.0497933735558408	0.01	0.0192857142857143	0.0333333333333333	0.0175862068965517	0	21.3198380501393	0
ENSG00000182333	0.00307692307692308	12.4844726700899	0.003	0.000357142857142857	0.0266666666666667	0.00206896551724138	0	37784.1588039554	0
ENSG00000183607	0.00230769230769231	0.231331296534018	0.784	0.164642857142857	0.0433333333333333	0.0181034482758621	0	479.83823097493	0
ENSG00000183844	0.0474358974358974	0.755479164313222	0.014	0.503214285714286	0.055	0.116896551724138	0	31.0129573537604	0.000952380952380952
ENSG00000184502	0.0017948717948718	0.0656361489088575	0.01	0.000714285714285714	0	0	0	37.5796769359332	0
ENSG00000184956	0.00333333333333333	3.33761843132221	0.004	0.00392857142857143	0.00333333333333333	0.00258620689655172	0	381.067911392758	0
ENSG00000185615	1.1925641025641	5.88993748395379	0.009	0.01	0.00166666666666667	0.000344827586206897	0	174.838212256267	0.00285714285714286
ENSG00000186009	0.000512820512820513	0.440630616174583	0.006	0.000714285714285714	0.065	0.00172413793103448	0	1238.42166576602	0.000476190476190476
ENSG00000186377	0.00307692307692308	2.39328729139923	0.025	0	0.201666666666667	0.0191379310344828	0	26.396951810585	0.00142857142857143
ENSG00000186493	0.0202564102564103	0.101483491655969	0	0	0	0.00120689655172414	0	10.5137729526462	0
ENSG00000187867	0.0130769230769231	1.01574802310655	0	0	0.0233333333333333	0.00155172413793103	0	34.9893722005571	0.000476190476190476
ENSG00000189377	0.00692307692307692	1.10865834403081	0.005	0.00142857142857143	0.121666666666667	0.0046551724137931	0	340.297730111421	0
ENSG00000196188	0.0117948717948718	2.98774929910141	7.075	0.751785714285714	0.156666666666667	0.0508620689655172	0	261.539232618384	0
ENSG00000196260	0.018974358974359	0.164545827984596	0	0	0.0516666666666667	0.000517241379310345	0	5.47386596100279	0.00333333333333333
ENSG00000196542	0.00897435897435897	0.205921229781771	0.06	0.005	0.255	0.208275862068966	0.2425	10.1797619777159	0.0866666666666667
ENSG00000197565	0.0861538461538462	1.57570756097561	0.03	0.000714285714285714	0.0433333333333333	0	0	19.3207417827298	0.000476190476190476
ENSG00000198074	0	43.5596090757381	0.008	0	0.04	0.00655172413793103	0	395.525970194986	0.000476190476190476
ENSG00000198203	0.00487179487179487	0.559431663671374	0.08	0.000357142857142857	0.321666666666667	2.65862068965517	0	65.3813111977716	0.00142857142857143
ENSG00000213578	0.0351282051282051	1.1679597817715	0.004	0.00821428571428571	0.00333333333333333	0.00344827586206897	0.0125	53.0556246518106	0.0176190476190476
ENSG00000215182	0.000512820512820513	0.184510386392811	0.001	0	0	0.000172413793103448	0	213.080583704735	0
ENSG00000229183	0.0058974358974359	0.287049202824134	0.036	0.00892857142857143	0.045	0.226896551724138	0	377.344582802228	0
ENSG00000229859	0.0156410256410256	1.11407613607189	0.042	0.0103571428571429	0.045	0.407241379310345	0	3217.52358456825	0
ENSG00000230185	0.302307692307692	0.213374261874198	0.123	0.0367857142857143	0.08	0.0406896551724138	0.03	10.4700372980501	0.18952380952381
ENSG00000233377	0	1.09294890885751	0.002	0.000357142857142857	0	0.00103448275862069	0	12.8576296935933	0
ENSG00000233441	0.00692307692307692	0.0141584377406932	0.012	0.000357142857142857	0.07	0.000344827586206897	0	20.323593091922	0
ENSG00000235584	0.00256410256410256	0.00919675224646983	0.001	0	0	0	0	6.21748949860724	0
ENSG00000243955	0	4.26845975609756	0.011	0.00321428571428571	0.0883333333333333	0.0267241379310345	0	97.2435692479109	0
ENSG00000244067	0.00153846153846154	0.302052028241335	0.003	0.000357142857142857	0.085	0	0	7.17219409470752	0
ENSG00000250979	0.00384615384615385	0.0194897240051348	0	0	0.00166666666666667	0	0	5.73708635097493	0
ENSG00000255960	0	0.0748350192554557	0.006	0.00142857142857143	0.163333333333333	0	0	7.76405142061281	0
ENSG00000256713	0.00358974358974359	1.3009719563543	0.019	0.00357142857142857	0.0283333333333333	0.101724137931034	0	4113.14301164345	0
ENSG00000259974	0.000512820512820513	3.69472365468549	0.223	0	0.288333333333333	0.000344827586206897	0	55.1011625626741	0
ENSG00000263639	0.00230769230769231	1.88803332605905	0.003	0.00857142857142857	0.0183333333333333	0.00224137931034483	0	58.9195391922006	0.00523809523809524
ENSG00000266010	0	6.3731989987163	0.002	0	0	0.0174137931034483	0	68.8640086350975	0.0019047619047619
ENSG00000211793	0.0105128205128205	0.294315455712452	0.11	0.0475	0.0166666666666667	0.0136206896551724	0	0.235109721448468	7.78571428571429
ENSG00000211794	0.00794871794871795	0.280378754813864	0.138	0.0414285714285714	0	0.00758620689655172	0	0.289088969359331	7.12809523809524
ENSG00000274752	0.0143589743589744	0.128612670089859	0.188	0.0135714285714286	0	0.0229310344827586	0	0.0919866573816156	6.44952380952381
